##Problem_info
speed(meters/minute): 333
coupling_time: 15
decoupling_time: 15
body_capacity: 100
max_bodies: 4
total_number_of_nodes: 14
total_number_of_vessels: 5
total_number_of_bodies: 10
total_number_of_requests: 100
unscheduled_cost_coefficient: 10000
service_time: 2
##Nodes [id is_swap_location]   (-2 is only swap location/transfer | 1 is customer that allow a body to be dropped)
0 1
1 1
2 1
3 1
4 1
5 1
6 1
7 1
8 1
9 1
10 1
11 1
12 1
13 -2
##Vessel [id start_location start_time]
0 1 66
1 2 0
2 13 1
3 12 103
4 11 135
##Bodies [id attached_to_vessel start_location]  (if -1 for attached_to_vessel: body starts detached)
0 1 2
1 3 12
2 4 11
3 0 1
4 2 13
5 0 1
6 4 11
7 3 12
8 2 13
9 0 1
##Requests [id pickup_location_id pickup_from pickup_to delivery_location_id delivery_from delivery_to num_containers at_body_id]
0 6 14400 20471 8 14400 25784 1 -1
1 3 0 14746 7 6503 16657 6 -1
2 -1 -1 -1 3 17280 24650 12 9
3 11 1440 17934 4 8518 22687 1 -1
4 8 4320 5760 2 4320 9589 7 -1
5 -1 -1 -1 5 14400 23704 17 5
6 3 7200 15953 0 7839 16181 21 -1
7 -1 -1 -1 4 11520 30585 28 0
8 9 14400 25464 7 18617 25708 6 -1
9 11 12960 25089 0 20740 25089 5 -1
10 12 0 1440 8 0 3853 10 -1
11 3 17280 24337 12 21459 27826 23 -1
12 3 7200 13110 6 8212 27011 12 -1
13 10 18720 25607 6 18720 31623 9 -1
14 -1 -1 -1 10 11520 12960 26 6
15 8 7200 16146 2 13355 16146 10 -1
16 10 7200 14798 7 11045 14798 1 -1
17 1 21600 23040 3 21600 37091 5 -1
18 0 7200 13937 3 9053 21010 3 -1
19 12 0 10861 0 7619 18476 7 -1
20 -1 -1 -1 6 10080 14070 7 6
21 10 27360 28800 -1 -1 -1 4 -1
22 11 10080 19713 7 17981 19713 2 -1
23 5 7200 17062 12 14140 17062 3 -1
24 10 8640 10080 8 8640 11484 22 -1
25 -1 -1 -1 5 17280 27971 18 1
26 -1 -1 -1 4 14400 22122 16 5
27 2 23040 26955 5 23040 37790 12 -1
28 -1 -1 -1 0 8640 11459 4 4
29 -1 -1 -1 9 8640 18977 18 3
30 -1 -1 -1 3 1440 13247 3 6
31 11 0 13682 12 13851 15787 16 -1
32 0 5760 15454 10 14771 26951 7 -1
33 10 0 1440 4 0 4900 3 -1
34 10 10080 15628 7 10080 21152 13 -1
35 4 12960 27208 10 24812 29365 15 -1
36 6 11520 15411 3 11520 22522 18 -1
37 -1 -1 -1 2 10080 23806 15 6
38 5 14400 19167 4 14400 23886 11 -1
39 2 23040 27325 6 23040 32724 18 -1
40 12 14400 28195 -1 -1 -1 9 -1
41 6 10080 13912 4 10080 17021 1 -1
42 10 10080 15100 1 10080 21253 21 -1
43 -1 -1 -1 1 15840 28309 29 0
44 12 15840 24079 3 19285 24085 4 -1
45 -1 -1 -1 6 23040 37040 7 9
46 12 10080 17608 2 10080 21840 11 -1
47 11 12960 15233 8 13405 20063 2 -1
48 10 17280 21878 7 18442 29255 7 -1
49 7 8640 11441 12 8640 20286 1 -1
50 -1 -1 -1 0 23040 33549 1 0
51 9 7200 12111 1 9323 25392 4 -1
52 9 5760 12416 1 5760 14707 4 -1
53 2 14400 26842 12 22976 38766 15 -1
54 -1 -1 -1 1 8640 18797 20 6
55 -1 -1 -1 10 11520 24030 1 5
56 8 8640 11462 3 8640 23173 25 -1
57 6 10080 24524 1 14157 25548 30 -1
58 2 17280 20027 0 18587 20027 8 -1
59 1 25920 27360 5 25920 30720 6 -1
60 -1 -1 -1 2 1440 10506 10 9
61 11 5760 14053 12 5760 19583 11 -1
62 2 2880 4320 8 2880 10631 44 -1
63 7 12960 18836 3 14889 21581 12 -1
64 0 0 17598 8 10344 26301 10 -1
65 11 15840 25522 1 23067 25522 4 -1
66 10 4320 15587 2 12949 28827 13 -1
67 7 5760 10495 12 7370 24227 10 -1
68 9 11520 19264 5 17651 19264 25 -1
69 11 18720 28736 -1 -1 -1 13 -1
70 6 8640 17674 1 12885 18537 12 -1
71 9 18720 20397 8 18720 29719 1 -1
72 4 10080 18684 6 15529 35130 19 -1
73 -1 -1 -1 1 0 16857 9 2
74 5 10080 15137 2 10080 19943 2 -1
75 -1 -1 -1 5 21600 32488 9 1
76 7 1440 11665 3 3427 11665 2 -1
77 -1 -1 -1 3 2880 7002 3 9
78 8 12960 18522 0 12960 24660 18 -1
79 6 15840 17280 3 15840 18657 1 -1
80 3 11520 27652 -1 -1 -1 6 -1
81 1 7200 21057 11 14252 24952 16 -1
82 9 5760 19247 8 14879 25680 9 -1
83 -1 -1 -1 8 15840 28644 22 6
84 12 4320 6026 0 4320 10129 14 -1
85 -1 -1 -1 2 7200 13215 13 0
86 -1 -1 -1 1 18720 21982 6 7
87 -1 -1 -1 0 10080 20962 16 1
88 2 5760 17506 9 15713 34700 1 -1
89 8 0 4982 2 0 11889 6 -1
90 12 5760 9697 7 5760 22093 6 -1
91 -1 -1 -1 3 2880 16637 17 8
92 11 8640 12624 8 13488 24704 1 -1
93 11 11520 21360 1 17244 35839 2 -1
94 12 18720 24920 8 18720 26566 1 -1
95 5 11520 20754 3 16491 28331 3 -1
96 5 4320 9648 6 10056 25675 4 -1
97 9 1440 4297 4 1440 8531 13 -1
98 6 5760 11212 0 5985 16135 30 -1
99 8 1440 7665 5 3256 8922 10 -1
#Distance_Matrix [row=from col=to] (given in meters)
0	64100	64700	59000	68800	198000	190300	53600	54000	70000	189700	174900	68200	64700	
64100	0	10900	6200	6800	135700	131800	14800	10400	5900	131300	116400	13500	10900	
64700	10900	0	5800	4100	135700	125600	15100	11000	6000	125000	110200	17300	0	
59000	6200	5800	0	9800	141400	131300	9300	5300	11700	130800	116000	11600	5800	
68800	6800	4100	9800	0	131600	125000	19100	15100	1900	124500	109600	20300	4100	
198000	135700	135700	141400	131600	0	233000	144400	146100	129800	232500	217700	149200	135700	
190300	131800	125600	131300	125000	233000	0	140600	136600	126700	2500	26200	142900	125600	
53600	14800	15100	9300	19100	144400	140600	0	4400	20700	140100	125300	16600	15100	
54000	10400	11000	5300	15100	146100	136600	4400	0	16300	136000	121200	15300	11000	
70000	5900	6000	11700	1900	129800	126700	20700	16300	0	126100	111300	19400	6000	
189700	131300	125000	130800	124500	232500	2500	140100	136000	126100	0	25600	142300	125000	
174900	116400	110200	116000	109600	217700	26200	125300	121200	111300	25600	0	127500	110200	
68200	13500	17300	11600	20300	149200	142900	16600	15300	19400	142300	127500	0	17300	
64700	10900	0	5800	4100	135700	125600	15100	11000	6000	125000	110200	17300	0	
