##Problem_info
speed(meters/minute): 333
coupling_time: 15
decoupling_time: 15
body_capacity: 100
max_bodies: 4
total_number_of_nodes: 14
total_number_of_vessels: 5
total_number_of_bodies: 10
total_number_of_requests: 100
unscheduled_cost_coefficient: 10000
service_time: 2
##Nodes [id is_swap_location]   (-2 is only swap location/transfer | 1 is customer that allow a body to be dropped)
0 1
1 1
2 1
3 1
4 1
5 1
6 1
7 1
8 1
9 1
10 1
11 1
12 1
13 -2
##Vessel [id start_location start_time]
0 2 20
1 0 90
2 1 11
3 13 37
4 12 17
##Bodies [id attached_to_vessel start_location]  (if -1 for attached_to_vessel: body starts detached)
0 2 1
1 0 2
2 4 12
3 1 0
4 3 13
5 0 2
6 4 12
7 1 0
8 3 13
9 1 0
##Requests [id pickup_location_id pickup_from pickup_to delivery_location_id delivery_from delivery_to num_containers at_body_id]
0 7 12960 19508 11 16798 33597 10 -1
1 4 0 3750 3 0 10360 6 -1
2 12 18720 26164 5 22714 26164 6 -1
3 -1 -1 -1 10 7200 16720 34 6
4 6 21600 24556 10 21600 29009 5 -1
5 9 17280 24736 2 19198 30384 11 -1
6 0 5760 7200 4 5760 20858 9 -1
7 -1 -1 -1 6 17280 29131 3 4
8 5 21600 23331 1 21600 26612 5 -1
9 -1 -1 -1 12 10080 14962 4 7
10 -1 -1 -1 4 11520 18964 1 2
11 -1 -1 -1 6 8640 18289 3 4
12 -1 -1 -1 8 1440 10454 8 2
13 9 0 21000 12 19160 21000 13 -1
14 10 12960 25269 5 19914 25269 26 -1
15 4 17280 21293 0 21031 30905 11 -1
16 0 4320 12120 10 5351 22484 5 -1
17 3 18720 20656 8 18720 32160 13 -1
18 3 1440 9294 7 7083 13262 12 -1
19 9 14400 27118 2 22131 27118 4 -1
20 9 8640 16220 10 9151 20665 10 -1
21 5 24480 25920 7 24480 34349 3 -1
22 11 0 11912 2 6782 17234 3 -1
23 2 0 2288 11 0 7170 4 -1
24 -1 -1 -1 1 15840 21536 22 9
25 1 8640 18899 2 17211 26313 12 -1
26 -1 -1 -1 4 8640 17338 5 8
27 7 0 9949 8 5557 23754 14 -1
28 8 5760 11227 1 10131 21447 16 -1
29 0 5760 10535 1 6240 21764 32 -1
30 4 5760 14950 5 13248 24470 8 -1
31 -1 -1 -1 7 7200 26294 1 6
32 10 14400 15840 3 14400 35381 9 -1
33 0 11520 14162 8 11520 23250 8 -1
34 6 15840 21418 1 18940 26908 18 -1
35 12 4320 17244 10 11793 25873 12 -1
36 11 2880 13132 3 7130 17509 4 -1
37 7 12960 19582 12 12960 25267 12 -1
38 9 1440 12113 12 2879 12825 13 -1
39 2 15840 19551 0 15840 26379 17 -1
40 3 23040 27774 -1 -1 -1 16 -1
41 -1 -1 -1 11 8640 15304 11 8
42 -1 -1 -1 3 7200 16902 3 0
43 6 11520 18714 10 18547 28372 8 -1
44 5 11520 12960 10 11520 19341 11 -1
45 -1 -1 -1 3 7200 18795 1 9
46 3 10080 19303 5 14380 23487 6 -1
47 8 1440 19589 2 16891 24928 17 -1
48 0 1440 7387 7 5947 7387 9 -1
49 11 7200 9354 1 7200 24004 2 -1
50 1 15840 21665 0 15840 22671 15 -1
51 11 4320 12276 0 10580 12276 15 -1
52 -1 -1 -1 10 5760 7200 22 4
53 10 7200 10536 9 7200 18450 3 -1
54 2 12960 18759 8 12960 23930 7 -1
55 11 12960 25528 2 25722 42026 18 -1
56 12 11520 20831 11 14767 27431 9 -1
57 -1 -1 -1 10 11520 17845 8 3
58 12 18720 25764 3 22142 37175 5 -1
59 -1 -1 -1 10 17280 34980 1 1
60 -1 -1 -1 12 11520 21638 2 6
61 -1 -1 -1 5 0 18530 13 2
62 -1 -1 -1 12 4320 16223 7 6
63 3 4320 10769 0 4735 12421 9 -1
64 -1 -1 -1 12 10080 25560 37 6
65 0 2880 4320 6 2880 11962 5 -1
66 3 8640 17232 12 13804 17232 32 -1
67 5 0 5805 3 0 11947 25 -1
68 2 2880 4320 12 2880 13079 17 -1
69 11 12960 24456 2 17120 24456 20 -1
70 5 5760 11255 2 5760 18553 1 -1
71 10 11520 13711 12 11543 19027 29 -1
72 3 18720 28729 -1 -1 -1 8 -1
73 3 20160 27189 1 25749 27189 5 -1
74 9 24480 27108 8 24480 33747 8 -1
75 -1 -1 -1 6 4320 21002 1 2
76 1 25920 28410 -1 -1 -1 12 -1
77 7 11520 19775 0 16526 19775 1 -1
78 9 8640 10899 5 8640 25136 18 -1
79 6 11520 18112 4 14561 26869 4 -1
80 10 5760 13805 12 12904 20499 14 -1
81 7 7200 14560 0 9120 16159 19 -1
82 -1 -1 -1 3 8640 22011 14 4
83 10 1440 12477 11 7162 21276 5 -1
84 3 17280 21531 0 20311 28039 20 -1
85 -1 -1 -1 2 23040 31707 21 7
86 4 5760 15316 3 9791 22224 3 -1
87 2 15840 26142 10 21577 36318 4 -1
88 5 25920 27360 7 25920 36235 16 -1
89 2 5760 16054 5 7528 20413 8 -1
90 -1 -1 -1 2 1440 8922 12 3
91 12 23040 27334 1 24503 37743 11 -1
92 4 4320 10990 5 5124 12811 14 -1
93 5 14400 24426 2 19370 24426 10 -1
94 0 24480 28133 -1 -1 -1 21 -1
95 6 4320 15813 2 10224 22929 21 -1
96 1 10080 16390 3 19466 26795 8 -1
97 5 21600 27082 1 21600 34517 17 -1
98 8 7200 18562 7 16339 22451 9 -1
99 1 1440 12857 4 8694 19638 3 -1
#Distance_Matrix [row=from col=to] (given in meters)
0	64100	64700	59000	68800	198000	190300	53600	54000	70000	189700	174900	68200	64700	
64100	0	10900	6200	6800	135700	131800	14800	10400	5900	131300	116400	13500	10900	
64700	10900	0	5800	4100	135700	125600	15100	11000	6000	125000	110200	17300	0	
59000	6200	5800	0	9800	141400	131300	9300	5300	11700	130800	116000	11600	5800	
68800	6800	4100	9800	0	131600	125000	19100	15100	1900	124500	109600	20300	4100	
198000	135700	135700	141400	131600	0	233000	144400	146100	129800	232500	217700	149200	135700	
190300	131800	125600	131300	125000	233000	0	140600	136600	126700	2500	26200	142900	125600	
53600	14800	15100	9300	19100	144400	140600	0	4400	20700	140100	125300	16600	15100	
54000	10400	11000	5300	15100	146100	136600	4400	0	16300	136000	121200	15300	11000	
70000	5900	6000	11700	1900	129800	126700	20700	16300	0	126100	111300	19400	6000	
189700	131300	125000	130800	124500	232500	2500	140100	136000	126100	0	25600	142300	125000	
174900	116400	110200	116000	109600	217700	26200	125300	121200	111300	25600	0	127500	110200	
68200	13500	17300	11600	20300	149200	142900	16600	15300	19400	142300	127500	0	17300	
64700	10900	0	5800	4100	135700	125600	15100	11000	6000	125000	110200	17300	0	
