##Problem_info
speed(meters/minute): 333
coupling_time: 15
decoupling_time: 15
body_capacity: 100
max_bodies: 4
total_number_of_nodes: 14
total_number_of_vessels: 5
total_number_of_bodies: 10
total_number_of_requests: 100
unscheduled_cost_coefficient: 10000
service_time: 2
##Nodes [id is_swap_location]   (-2 is only swap location/transfer | 1 is customer that allow a body to be dropped)
0 1
1 1
2 1
3 1
4 1
5 1
6 1
7 1
8 1
9 1
10 1
11 1
12 1
13 -2
##Vessel [id start_location start_time]
0 4 3
1 2 4
2 0 9
3 10 119
4 12 10
##Bodies [id attached_to_vessel start_location]  (if -1 for attached_to_vessel: body starts detached)
0 4 12
1 2 0
2 0 4
3 3 10
4 1 2
5 2 0
6 1 2
7 3 10
8 2 0
9 3 10
##Requests [id pickup_location_id pickup_from pickup_to delivery_location_id delivery_from delivery_to num_containers at_body_id]
0 -1 -1 -1 2 7200 12366 1 8
1 12 14400 17777 2 14400 20021 1 -1
2 11 1440 9191 9 8564 22844 2 -1
3 5 17280 22490 0 17280 33288 20 -1
4 0 2880 11845 2 7055 11904 11 -1
5 11 15840 22477 3 21946 37188 1 -1
6 3 0 8168 9 2979 8168 4 -1
7 8 21600 25766 6 22384 31005 14 -1
8 -1 -1 -1 11 0 20576 10 3
9 12 2880 15102 10 9861 15247 1 -1
10 6 5760 16200 4 14064 19207 2 -1
11 9 5760 13964 5 6574 23330 12 -1
12 10 10080 12208 8 10080 16471 16 -1
13 -1 -1 -1 7 20160 35030 6 8
14 8 15840 22797 7 18534 26161 6 -1
15 6 15840 23501 10 22628 32075 4 -1
16 6 2880 4320 10 4776 15952 25 -1
17 -1 -1 -1 10 17280 26785 14 9
18 1 1440 7396 4 1440 7766 15 -1
19 4 8640 18878 3 12648 18878 5 -1
20 9 7200 13525 8 8159 13746 12 -1
21 5 2880 4320 6 2880 9730 16 -1
22 1 11520 23365 10 21374 30524 14 -1
23 12 12960 24507 8 23067 24507 3 -1
24 3 0 6705 1 2626 10712 27 -1
25 -1 -1 -1 11 8640 14073 10 8
26 5 5760 12179 10 8696 18277 13 -1
27 8 23040 24480 10 23040 25779 17 -1
28 -1 -1 -1 6 5760 13586 1 5
29 11 17280 20744 6 17280 28620 25 -1
30 -1 -1 -1 11 12960 21207 14 4
31 -1 -1 -1 3 11520 14352 2 7
32 4 15840 19995 6 16755 27443 2 -1
33 10 24480 25920 11 24480 37118 7 -1
34 4 25920 27978 -1 -1 -1 20 -1
35 9 21600 26005 1 21600 29661 11 -1
36 1 18720 21393 11 18720 29658 13 -1
37 -1 -1 -1 1 11520 23294 4 2
38 7 24480 27952 -1 -1 -1 6 -1
39 9 8640 11608 0 8640 14993 29 -1
40 -1 -1 -1 6 12960 14400 2 6
41 11 2880 8016 6 3604 14828 7 -1
42 1 25920 28232 -1 -1 -1 21 -1
43 3 4320 21703 11 17291 30745 2 -1
44 12 4320 15701 7 11497 24110 2 -1
45 -1 -1 -1 3 4320 17151 23 0
46 -1 -1 -1 11 24480 41046 17 2
47 8 2880 8758 12 4605 19014 25 -1
48 4 12960 24695 3 20056 24695 11 -1
49 -1 -1 -1 2 18720 27549 9 2
50 7 7200 14452 11 7495 18889 3 -1
51 0 14400 15998 5 14400 20991 22 -1
52 -1 -1 -1 7 15840 34419 25 2
53 -1 -1 -1 5 5760 18763 1 2
54 -1 -1 -1 8 15840 25849 5 6
55 7 15840 20528 4 15840 21304 4 -1
56 7 5760 8717 6 5760 20220 1 -1
57 -1 -1 -1 4 12960 31116 20 2
58 -1 -1 -1 6 21600 39482 13 8
59 4 12960 19852 8 14387 29952 6 -1
60 -1 -1 -1 3 2880 14420 7 3
61 10 23040 24480 0 23040 34715 9 -1
62 10 10080 13604 4 10080 27282 1 -1
63 7 1440 19415 11 15407 23171 7 -1
64 4 17280 25134 10 19375 30681 7 -1
65 -1 -1 -1 8 11520 22647 5 6
66 3 0 15417 1 11318 15417 9 -1
67 -1 -1 -1 3 7200 26920 1 8
68 5 12960 19574 10 18053 25685 1 -1
69 10 7200 17584 1 8027 21656 9 -1
70 0 25920 28125 -1 -1 -1 5 -1
71 -1 -1 -1 11 8640 20639 1 1
72 -1 -1 -1 5 5760 20522 20 6
73 10 10080 12044 6 10080 21634 15 -1
74 4 5760 18315 8 16758 29079 12 -1
75 12 0 7548 0 4884 21611 21 -1
76 12 7200 12548 1 7572 24720 4 -1
77 10 7200 14622 6 9267 22208 1 -1
78 -1 -1 -1 7 23040 30314 4 5
79 8 7200 10686 11 10395 17309 1 -1
80 2 7200 10656 4 7200 13918 14 -1
81 -1 -1 -1 1 21600 27996 1 0
82 11 2880 11962 6 3564 19404 4 -1
83 8 7200 14104 10 10633 24593 2 -1
84 7 10080 22304 9 21039 36880 6 -1
85 -1 -1 -1 10 15840 30968 17 9
86 -1 -1 -1 6 0 3713 2 3
87 -1 -1 -1 6 11520 17154 6 8
88 5 0 3846 11 0 13520 11 -1
89 12 10080 17488 0 13025 20600 12 -1
90 11 12960 15914 1 12960 19793 9 -1
91 -1 -1 -1 3 7200 22829 12 5
92 6 2880 7734 4 2880 18749 24 -1
93 5 12960 14565 8 12960 19822 28 -1
94 -1 -1 -1 11 2880 18634 15 5
95 10 11520 13648 5 11520 21655 9 -1
96 -1 -1 -1 1 8640 10270 1 8
97 -1 -1 -1 4 5760 15445 2 6
98 12 5760 12121 5 5880 13751 8 -1
99 10 7200 15172 8 13812 24432 7 -1
#Distance_Matrix [row=from col=to] (given in meters)
0	64100	64700	59000	68800	198000	190300	53600	54000	70000	189700	174900	68200	64700	
64100	0	10900	6200	6800	135700	131800	14800	10400	5900	131300	116400	13500	10900	
64700	10900	0	5800	4100	135700	125600	15100	11000	6000	125000	110200	17300	0	
59000	6200	5800	0	9800	141400	131300	9300	5300	11700	130800	116000	11600	5800	
68800	6800	4100	9800	0	131600	125000	19100	15100	1900	124500	109600	20300	4100	
198000	135700	135700	141400	131600	0	233000	144400	146100	129800	232500	217700	149200	135700	
190300	131800	125600	131300	125000	233000	0	140600	136600	126700	2500	26200	142900	125600	
53600	14800	15100	9300	19100	144400	140600	0	4400	20700	140100	125300	16600	15100	
54000	10400	11000	5300	15100	146100	136600	4400	0	16300	136000	121200	15300	11000	
70000	5900	6000	11700	1900	129800	126700	20700	16300	0	126100	111300	19400	6000	
189700	131300	125000	130800	124500	232500	2500	140100	136000	126100	0	25600	142300	125000	
174900	116400	110200	116000	109600	217700	26200	125300	121200	111300	25600	0	127500	110200	
68200	13500	17300	11600	20300	149200	142900	16600	15300	19400	142300	127500	0	17300	
64700	10900	0	5800	4100	135700	125600	15100	11000	6000	125000	110200	17300	0	
