##Problem_info
speed(meters/minute): 333
coupling_time: 15
decoupling_time: 15
body_capacity: 100
max_bodies: 4
total_number_of_nodes: 14
total_number_of_vessels: 5
total_number_of_bodies: 10
total_number_of_requests: 100
unscheduled_cost_coefficient: 10000
service_time: 2
##Nodes [id is_swap_location]   (-2 is only swap location/transfer | 1 is customer that allow a body to be dropped)
0 1
1 1
2 1
3 1
4 1
5 1
6 1
7 1
8 1
9 1
10 1
11 1
12 1
13 -2
##Vessel [id start_location start_time]
0 7 118
1 5 171
2 3 2
3 1 8
4 0 265
##Bodies [id attached_to_vessel start_location]  (if -1 for attached_to_vessel: body starts detached)
0 3 1
1 4 0
2 2 3
3 0 7
4 1 5
5 4 0
6 3 1
7 1 5
8 4 0
9 1 5
##Requests [id pickup_location_id pickup_from pickup_to delivery_location_id delivery_from delivery_to num_containers at_body_id]
0 11 18720 28745 -1 -1 -1 6 -1
1 9 4320 7701 8 4320 11175 2 -1
2 7 18720 26673 2 25175 32969 10 -1
3 3 8640 22796 0 18344 22796 19 -1
4 12 2880 12680 9 5653 12680 19 -1
5 -1 -1 -1 6 7200 13442 2 3
6 -1 -1 -1 5 24480 33843 11 8
7 1 15840 20895 12 18132 20895 2 -1
8 -1 -1 -1 0 8640 20663 5 4
9 10 8640 11736 7 8640 20940 3 -1
10 4 8640 23858 2 19682 24938 11 -1
11 6 11520 13755 7 11520 19287 2 -1
12 6 8640 22694 12 17199 31071 1 -1
13 -1 -1 -1 0 2880 18180 10 9
14 6 1440 10422 3 4262 14241 1 -1
15 4 4320 9768 3 4320 14029 10 -1
16 11 10080 26557 2 16588 26557 25 -1
17 8 1440 8546 7 4355 15141 2 -1
18 11 14400 27790 -1 -1 -1 7 -1
19 8 10080 11520 1 10123 23878 2 -1
20 0 15840 18007 12 15840 30077 13 -1
21 6 10080 18350 9 18548 28490 4 -1
22 12 20160 27012 1 23869 32716 1 -1
23 0 0 6763 2 2345 16739 12 -1
24 2 11520 13980 0 11520 21118 14 -1
25 8 2880 4361 11 2880 21626 16 -1
26 -1 -1 -1 0 4320 9428 2 8
27 -1 -1 -1 5 10080 16815 16 6
28 -1 -1 -1 8 23040 25900 16 3
29 11 21600 28477 -1 -1 -1 17 -1
30 5 14400 26819 0 17299 31074 1 -1
31 1 0 2982 11 0 7535 24 -1
32 8 18720 22978 3 21538 22978 16 -1
33 4 7200 16859 11 15694 19932 19 -1
34 8 10080 11987 5 10080 27627 29 -1
35 0 7200 18991 1 14746 21950 15 -1
36 0 17280 28015 -1 -1 -1 8 -1
37 4 10080 16419 6 13774 23207 5 -1
38 2 25920 27668 -1 -1 -1 8 -1
39 6 4320 14030 5 13892 25412 26 -1
40 5 17280 23705 4 19627 30846 1 -1
41 9 11520 27197 5 21272 36460 11 -1
42 7 1440 11291 11 6881 13691 6 -1
43 3 8640 19121 5 15450 22501 1 -1
44 10 8640 10080 4 8640 21779 3 -1
45 1 7200 10714 3 7834 13721 6 -1
46 8 5760 10735 7 5760 16139 18 -1
47 5 1440 10804 8 9364 10804 3 -1
48 -1 -1 -1 6 4320 13847 5 7
49 12 2880 20232 5 16078 27941 7 -1
50 5 11520 16327 6 11520 20267 6 -1
51 5 21600 28453 -1 -1 -1 12 -1
52 8 8640 14384 9 11197 21894 20 -1
53 -1 -1 -1 5 12960 26169 9 4
54 -1 -1 -1 10 8640 20129 2 7
55 -1 -1 -1 11 11520 16249 16 7
56 7 11520 20179 12 16462 24189 23 -1
57 -1 -1 -1 11 14400 22275 29 5
58 12 8640 21833 8 17519 24483 19 -1
59 2 25920 27360 4 25920 33719 2 -1
60 8 12960 22118 10 13538 28384 1 -1
61 -1 -1 -1 9 12960 18324 11 0
62 0 17280 23538 8 18235 28581 13 -1
63 8 14400 20759 6 15846 28871 4 -1
64 -1 -1 -1 12 21600 27001 2 7
65 3 5760 15621 7 13163 16308 14 -1
66 1 14400 22352 7 19024 26569 13 -1
67 -1 -1 -1 8 4320 9592 12 4
68 5 7200 12463 3 8065 15401 11 -1
69 -1 -1 -1 0 10080 19343 19 1
70 11 2880 13122 0 9383 23274 6 -1
71 4 12960 17671 7 15446 17671 2 -1
72 11 21600 26055 0 24432 38662 10 -1
73 5 10080 17743 1 10250 25016 14 -1
74 3 11520 17203 9 12135 25749 10 -1
75 7 2880 21781 8 15244 21781 1 -1
76 10 5760 14121 11 8533 21028 6 -1
77 1 14400 15840 8 14400 27517 12 -1
78 11 23040 24480 2 23040 27544 5 -1
79 8 10080 19568 9 11575 21829 11 -1
80 -1 -1 -1 3 18720 37890 5 4
81 -1 -1 -1 7 5760 18133 22 4
82 -1 -1 -1 9 7200 18760 13 3
83 6 21600 24215 10 24117 38258 17 -1
84 8 0 4205 4 0 11599 15 -1
85 7 17280 18720 5 17280 38280 7 -1
86 0 10080 21750 9 20310 21750 35 -1
87 8 0 13302 0 9340 17155 10 -1
88 7 7200 16826 3 10274 17151 5 -1
89 11 20160 28180 -1 -1 -1 14 -1
90 5 12960 17808 11 12960 27105 19 -1
91 1 8640 13299 11 8640 15310 6 -1
92 0 11520 14075 1 11520 20876 8 -1
93 2 18720 26232 5 19305 32666 9 -1
94 12 8640 19490 8 13146 27348 7 -1
95 2 7200 19400 5 14864 31073 12 -1
96 9 4320 13379 7 11895 22559 9 -1
97 10 18720 21234 6 18720 26082 21 -1
98 -1 -1 -1 1 4320 9433 21 6
99 1 10080 22542 11 15303 25981 14 -1
#Distance_Matrix [row=from col=to] (given in meters)
0	64100	64700	59000	68800	198000	190300	53600	54000	70000	189700	174900	68200	64700	
64100	0	10900	6200	6800	135700	131800	14800	10400	5900	131300	116400	13500	10900	
64700	10900	0	5800	4100	135700	125600	15100	11000	6000	125000	110200	17300	0	
59000	6200	5800	0	9800	141400	131300	9300	5300	11700	130800	116000	11600	5800	
68800	6800	4100	9800	0	131600	125000	19100	15100	1900	124500	109600	20300	4100	
198000	135700	135700	141400	131600	0	233000	144400	146100	129800	232500	217700	149200	135700	
190300	131800	125600	131300	125000	233000	0	140600	136600	126700	2500	26200	142900	125600	
53600	14800	15100	9300	19100	144400	140600	0	4400	20700	140100	125300	16600	15100	
54000	10400	11000	5300	15100	146100	136600	4400	0	16300	136000	121200	15300	11000	
70000	5900	6000	11700	1900	129800	126700	20700	16300	0	126100	111300	19400	6000	
189700	131300	125000	130800	124500	232500	2500	140100	136000	126100	0	25600	142300	125000	
174900	116400	110200	116000	109600	217700	26200	125300	121200	111300	25600	0	127500	110200	
68200	13500	17300	11600	20300	149200	142900	16600	15300	19400	142300	127500	0	17300	
64700	10900	0	5800	4100	135700	125600	15100	11000	6000	125000	110200	17300	0	
