##Problem_info
speed(meters/minute): 333
coupling_time: 15
decoupling_time: 15
body_capacity: 100
max_bodies: 4
total_number_of_nodes: 14
total_number_of_vessels: 5
total_number_of_bodies: 10
total_number_of_requests: 100
unscheduled_cost_coefficient: 10000
service_time: 2
##Nodes [id is_swap_location]   (-2 is only swap location/transfer | 1 is customer that allow a body to be dropped)
0 1
1 1
2 1
3 1
4 1
5 1
6 1
7 1
8 1
9 1
10 1
11 1
12 1
13 -2
##Vessel [id start_location start_time]
0 5 236
1 13 0
2 12 19
3 11 0
4 10 16
##Bodies [id attached_to_vessel start_location]  (if -1 for attached_to_vessel: body starts detached)
0 0 5
1 3 11
2 2 12
3 4 10
4 1 13
5 0 5
6 0 5
7 2 12
8 4 10
9 2 12
##Requests [id pickup_location_id pickup_from pickup_to delivery_location_id delivery_from delivery_to num_containers at_body_id]
0 8 20160 21600 5 20160 22963 3 -1
1 10 2880 11916 5 10726 27562 8 -1
2 2 8640 16887 3 12149 19906 4 -1
3 12 2880 13068 8 7693 23047 2 -1
4 9 7200 13298 6 10768 19466 1 -1
5 4 8640 16329 0 11517 23404 5 -1
6 7 11520 19432 8 15943 28061 18 -1
7 -1 -1 -1 1 8640 18578 1 3
8 8 11520 21866 12 19076 29995 11 -1
9 7 11520 26675 9 21074 28213 3 -1
10 4 15840 17280 3 15840 21728 15 -1
11 3 15840 19535 7 17537 28266 2 -1
12 -1 -1 -1 12 15840 27974 16 3
13 0 8640 22686 6 16314 30471 6 -1
14 4 1440 12557 8 8460 15699 13 -1
15 6 11520 12960 8 11520 23547 22 -1
16 9 12960 14585 7 13557 27534 30 -1
17 -1 -1 -1 12 11520 24294 3 2
18 0 14400 23100 10 19111 32578 1 -1
19 3 12960 20354 0 14403 21279 11 -1
20 10 0 2229 4 1698 11178 15 -1
21 -1 -1 -1 1 17280 22914 9 4
22 8 4320 14790 6 9439 19663 9 -1
23 0 8640 19690 2 19120 30016 8 -1
24 -1 -1 -1 7 20160 37647 13 0
25 -1 -1 -1 4 8640 24104 22 2
26 9 14400 16836 8 14400 24370 30 -1
27 -1 -1 -1 5 14400 27881 22 5
28 10 12960 28009 -1 -1 -1 12 -1
29 5 23040 25847 10 23040 31228 16 -1
30 7 21600 23285 4 21600 33799 13 -1
31 1 7200 10578 10 7524 20579 16 -1
32 8 11520 20086 9 12544 22578 17 -1
33 6 2880 13652 4 7561 15568 16 -1
34 0 10080 14877 10 13230 20144 10 -1
35 10 11520 19105 2 16997 34451 8 -1
36 -1 -1 -1 12 10080 21520 2 0
37 4 21600 26046 3 23850 34802 29 -1
38 8 11520 12960 4 12046 25170 2 -1
39 -1 -1 -1 10 8640 19853 11 8
40 -1 -1 -1 1 2880 11809 2 2
41 8 11520 23134 9 18630 23949 5 -1
42 5 10080 16895 10 13040 20161 29 -1
43 3 20160 21600 9 20160 31110 4 -1
44 -1 -1 -1 5 15840 28144 19 9
45 5 5760 21290 4 19795 36005 16 -1
46 -1 -1 -1 5 7200 15597 23 2
47 6 1440 15586 4 12125 21501 21 -1
48 -1 -1 -1 4 12960 18417 7 0
49 8 15840 18368 9 15840 31349 6 -1
50 7 0 3219 5 0 13935 10 -1
51 11 11520 25501 10 21000 25501 6 -1
52 7 18720 20746 5 18720 28113 15 -1
53 3 0 3677 1 0 7101 3 -1
54 2 2880 7306 4 5580 11102 10 -1
55 6 1440 11561 8 6419 11561 24 -1
56 7 7200 15074 1 8143 21144 1 -1
57 10 11520 16168 8 11543 16168 35 -1
58 4 8640 16979 12 10142 17142 7 -1
59 11 21600 24326 5 21600 26982 18 -1
60 10 4320 15694 0 14254 15694 6 -1
61 10 1440 13044 1 12565 30769 1 -1
62 11 5760 10156 5 5760 10381 43 -1
63 7 7200 18327 3 9990 21725 3 -1
64 12 5760 18347 3 14533 30993 7 -1
65 5 2880 14128 2 11864 14128 1 -1
66 12 0 12088 3 6691 12088 9 -1
67 -1 -1 -1 4 4320 6118 17 2
68 10 23040 24480 7 23040 24480 1 -1
69 5 2880 6777 6 2880 15038 5 -1
70 -1 -1 -1 4 5760 17660 9 3
71 12 11520 21182 8 18164 31698 3 -1
72 -1 -1 -1 0 10080 18646 1 9
73 0 18720 24342 7 18932 24542 26 -1
74 9 11520 21766 5 18181 21766 15 -1
75 -1 -1 -1 4 20160 34182 18 3
76 5 11520 24885 2 18115 24885 10 -1
77 -1 -1 -1 0 7200 14976 17 3
78 8 23040 25473 11 23837 25473 7 -1
79 3 12960 23560 10 18206 32092 7 -1
80 9 15840 28443 -1 -1 -1 12 -1
81 11 21600 25749 6 22553 36667 1 -1
82 10 8640 14283 4 9233 19759 11 -1
83 -1 -1 -1 9 12960 24405 1 2
84 12 4320 11077 0 7335 21356 6 -1
85 6 18720 27274 4 20117 36208 29 -1
86 11 5760 7200 8 5760 22787 23 -1
87 11 2880 9319 2 4160 9319 25 -1
88 -1 -1 -1 3 10080 16957 5 9
89 -1 -1 -1 9 5760 9581 1 6
90 2 0 1939 8 0 13558 8 -1
91 2 10080 16957 3 14340 17251 15 -1
92 4 4320 8891 6 6602 8891 1 -1
93 11 14400 20542 0 14400 26410 1 -1
94 1 5760 14940 5 14223 24564 25 -1
95 5 1440 10795 0 3734 12212 6 -1
96 8 8640 21854 4 17749 25427 19 -1
97 -1 -1 -1 0 21600 32060 19 2
98 9 8640 20210 3 14856 20210 2 -1
99 11 14400 15840 5 14400 28318 3 -1
#Distance_Matrix [row=from col=to] (given in meters)
0	64100	64700	59000	68800	198000	190300	53600	54000	70000	189700	174900	68200	64700	
64100	0	10900	6200	6800	135700	131800	14800	10400	5900	131300	116400	13500	10900	
64700	10900	0	5800	4100	135700	125600	15100	11000	6000	125000	110200	17300	0	
59000	6200	5800	0	9800	141400	131300	9300	5300	11700	130800	116000	11600	5800	
68800	6800	4100	9800	0	131600	125000	19100	15100	1900	124500	109600	20300	4100	
198000	135700	135700	141400	131600	0	233000	144400	146100	129800	232500	217700	149200	135700	
190300	131800	125600	131300	125000	233000	0	140600	136600	126700	2500	26200	142900	125600	
53600	14800	15100	9300	19100	144400	140600	0	4400	20700	140100	125300	16600	15100	
54000	10400	11000	5300	15100	146100	136600	4400	0	16300	136000	121200	15300	11000	
70000	5900	6000	11700	1900	129800	126700	20700	16300	0	126100	111300	19400	6000	
189700	131300	125000	130800	124500	232500	2500	140100	136000	126100	0	25600	142300	125000	
174900	116400	110200	116000	109600	217700	26200	125300	121200	111300	25600	0	127500	110200	
68200	13500	17300	11600	20300	149200	142900	16600	15300	19400	142300	127500	0	17300	
64700	10900	0	5800	4100	135700	125600	15100	11000	6000	125000	110200	17300	0	
