##Problem_info
speed(meters/minute): 333
coupling_time: 15
decoupling_time: 15
body_capacity: 100
max_bodies: 4
total_number_of_nodes: 14
total_number_of_vessels: 5
total_number_of_bodies: 10
total_number_of_requests: 150
unscheduled_cost_coefficient: 10000
service_time: 2
##Nodes [id is_swap_location]   (-2 is only swap location/transfer | 1 is customer that allow a body to be dropped)
0 1
1 1
2 1
3 1
4 1
5 1
6 1
7 1
8 1
9 1
10 1
11 1
12 1
13 -2
##Vessel [id start_location start_time]
0 4 5
1 3 8
2 2 4
3 1 177
4 0 49
##Bodies [id attached_to_vessel start_location]  (if -1 for attached_to_vessel: body starts detached)
0 1 3
1 0 4
2 3 1
3 2 2
4 4 0
5 2 2
6 4 0
7 4 0
8 3 1
9 2 2
##Requests [id pickup_location_id pickup_from pickup_to delivery_location_id delivery_from delivery_to num_containers at_body_id]
0 0 15840 23632 1 20806 23632 16 -1
1 7 7200 8640 12 7200 13229 5 -1
2 6 10080 23906 5 15896 30547 3 -1
3 8 24480 28795 -1 -1 -1 1 -1
4 10 25920 28726 -1 -1 -1 17 -1
5 9 10080 18481 3 15407 26830 12 -1
6 4 25920 27360 2 25920 29800 1 -1
7 11 21600 23040 1 21600 26754 2 -1
8 7 8640 10080 3 8640 10603 9 -1
9 -1 -1 -1 5 18720 32511 6 7
10 2 5760 21668 9 16915 22242 8 -1
11 9 5760 13973 0 7293 24837 1 -1
12 2 0 8293 5 2631 10039 15 -1
13 -1 -1 -1 7 11520 20014 6 1
14 6 2880 11023 8 7948 21487 3 -1
15 1 15840 20622 2 16733 20622 14 -1
16 4 1440 6516 10 1440 20548 10 -1
17 3 4320 6147 9 4320 7356 1 -1
18 9 12960 21848 1 17788 33194 11 -1
19 4 10080 16070 3 16343 32585 5 -1
20 6 21600 23941 9 21600 31922 17 -1
21 1 0 9007 2 5422 17568 9 -1
22 4 0 8592 0 166 8592 10 -1
23 4 11520 21869 1 18141 32783 4 -1
24 3 1440 13481 12 9209 14815 1 -1
25 9 27360 28800 -1 -1 -1 23 -1
26 0 14400 22162 2 19476 22162 18 -1
27 4 11520 20304 3 15324 20443 1 -1
28 10 4320 5760 11 4320 11264 23 -1
29 -1 -1 -1 8 21600 29116 14 5
30 10 4320 21699 11 13664 34664 4 -1
31 -1 -1 -1 6 10080 21564 3 0
32 2 11520 16074 9 13765 23042 15 -1
33 -1 -1 -1 7 5760 7959 7 2
34 -1 -1 -1 8 8640 18894 15 3
35 10 7200 12627 7 7629 13895 12 -1
36 0 1440 11235 11 5412 25016 7 -1
37 1 4320 6588 4 4320 12992 3 -1
38 11 14400 21834 9 19646 32302 5 -1
39 3 10080 22863 7 16538 30832 33 -1
40 -1 -1 -1 12 20160 30111 1 6
41 7 4320 16222 5 10536 19408 12 -1
42 6 23040 25408 2 23040 37238 15 -1
43 12 5760 13045 10 7755 20061 12 -1
44 9 17280 18720 0 17280 30675 36 -1
45 11 2880 10424 10 2880 16278 1 -1
46 4 17280 24878 1 17280 26145 33 -1
47 -1 -1 -1 7 4320 14784 3 3
48 -1 -1 -1 11 2880 10423 6 0
49 12 12960 21548 1 17307 30785 10 -1
50 8 7200 16611 2 12121 28756 17 -1
51 6 8640 10080 9 8640 19470 11 -1
52 8 5760 10777 1 6262 20701 19 -1
53 3 4320 11423 1 7426 18805 13 -1
54 7 0 12146 8 7110 19930 15 -1
55 4 2880 12251 3 6792 17755 1 -1
56 8 5760 7200 9 5760 16936 20 -1
57 3 8640 10751 6 8640 24004 1 -1
58 3 21600 27686 -1 -1 -1 6 -1
59 -1 -1 -1 7 2880 8941 7 8
60 8 15840 19311 0 15840 21700 8 -1
61 1 12960 22245 8 17702 23876 24 -1
62 1 7200 14754 10 12625 20704 10 -1
63 -1 -1 -1 9 21600 30442 12 5
64 1 4320 6930 0 4320 17176 15 -1
65 1 15840 17280 3 15840 23286 19 -1
66 6 23040 24837 1 23040 29125 3 -1
67 5 21600 28715 -1 -1 -1 19 -1
68 6 1440 12470 12 7570 20563 4 -1
69 6 8640 23481 10 15514 23481 10 -1
70 7 4320 13407 6 9205 27187 8 -1
71 8 11520 12960 4 11520 19907 7 -1
72 6 0 4590 0 2970 9980 11 -1
73 -1 -1 -1 6 14400 21002 20 0
74 8 1440 14341 0 11417 28911 7 -1
75 1 10080 24153 6 22407 30587 31 -1
76 6 5760 18797 9 12572 18797 16 -1
77 -1 -1 -1 9 10080 26367 16 0
78 7 18720 28117 -1 -1 -1 9 -1
79 1 15840 25773 6 16637 27409 24 -1
80 7 11520 12960 1 11520 25819 12 -1
81 3 1440 8025 6 3409 13763 2 -1
82 1 2880 15652 10 14212 15652 10 -1
83 6 15840 25038 1 19829 30045 16 -1
84 11 12960 19890 1 12960 31063 8 -1
85 11 0 11441 10 5976 20802 3 -1
86 -1 -1 -1 7 1440 4587 1 4
87 10 20160 27702 -1 -1 -1 1 -1
88 9 10080 14137 12 10080 19835 1 -1
89 2 10080 15198 11 10080 15414 15 -1
90 -1 -1 -1 10 4320 10588 1 0
91 3 1440 7865 11 2459 13815 10 -1
92 8 8640 17262 9 9709 26848 13 -1
93 5 15840 20210 6 15840 22948 9 -1
94 -1 -1 -1 8 24480 40874 6 9
95 7 7200 17674 6 9340 25629 26 -1
96 -1 -1 -1 6 2880 17406 3 3
97 -1 -1 -1 1 4320 10335 8 3
98 -1 -1 -1 1 0 11754 13 3
99 9 2880 14743 2 7082 14743 30 -1
100 -1 -1 -1 12 11520 19777 17 7
101 7 8640 10160 2 8640 20330 9 -1
102 0 11520 24264 2 16393 30481 18 -1
103 12 17280 18720 10 17280 23241 20 -1
104 11 10080 20719 0 17491 20719 1 -1
105 11 2880 10661 3 6922 20811 1 -1
106 0 1440 6678 7 1440 13720 30 -1
107 7 15840 27710 -1 -1 -1 8 -1
108 12 4320 18944 6 16889 19813 7 -1
109 8 17280 26623 12 23792 32795 13 -1
110 3 10080 13695 12 10342 20671 18 -1
111 -1 -1 -1 1 25920 34087 22 6
112 3 8640 15627 8 8668 23606 1 -1
113 2 14400 28476 -1 -1 -1 28 -1
114 7 7200 12194 2 7200 24144 17 -1
115 9 11520 15355 3 11520 28687 5 -1
116 3 11520 16537 2 13322 27758 13 -1
117 8 11520 15782 9 12241 20022 12 -1
118 -1 -1 -1 12 10080 25212 1 0
119 1 12960 19416 7 17760 19416 4 -1
120 5 7200 17073 1 13404 26492 4 -1
121 2 17280 26826 0 19341 26826 7 -1
122 12 11520 14064 2 11520 24180 15 -1
123 2 5760 15606 11 12718 24530 3 -1
124 12 5760 20418 9 16777 28905 21 -1
125 -1 -1 -1 9 10080 22755 5 3
126 12 24480 25920 7 24480 31391 8 -1
127 0 10080 12606 5 10080 21237 13 -1
128 0 18720 22037 8 18720 28555 6 -1
129 1 4320 15198 12 12387 22690 19 -1
130 2 12960 19289 4 12960 31954 10 -1
131 11 17280 18720 3 17280 38280 2 -1
132 -1 -1 -1 8 12960 22438 2 6
133 -1 -1 -1 7 1440 18159 8 8
134 2 24480 28404 -1 -1 -1 15 -1
135 9 7200 18149 0 12427 18149 1 -1
136 8 15840 24804 6 19592 36622 15 -1
137 -1 -1 -1 12 21600 38350 3 7
138 2 21600 27521 -1 -1 -1 3 -1
139 7 4320 11590 12 5462 19678 41 -1
140 -1 -1 -1 9 8640 19602 2 1
141 10 4320 11165 12 4320 19195 10 -1
142 -1 -1 -1 2 20160 22133 1 9
143 12 18720 22266 2 18720 29511 9 -1
144 -1 -1 -1 7 8640 16587 11 2
145 9 24480 25920 4 24480 31244 19 -1
146 -1 -1 -1 9 2880 8533 28 7
147 7 21600 27032 10 21600 32469 15 -1
148 11 18720 27280 9 21701 32537 20 -1
149 6 0 3908 12 0 14461 2 -1
#Distance_Matrix [row=from col=to] (given in meters)
0	64100	64700	59000	68800	198000	190300	53600	54000	70000	189700	174900	68200	64700	
64100	0	10900	6200	6800	135700	131800	14800	10400	5900	131300	116400	13500	10900	
64700	10900	0	5800	4100	135700	125600	15100	11000	6000	125000	110200	17300	0	
59000	6200	5800	0	9800	141400	131300	9300	5300	11700	130800	116000	11600	5800	
68800	6800	4100	9800	0	131600	125000	19100	15100	1900	124500	109600	20300	4100	
198000	135700	135700	141400	131600	0	233000	144400	146100	129800	232500	217700	149200	135700	
190300	131800	125600	131300	125000	233000	0	140600	136600	126700	2500	26200	142900	125600	
53600	14800	15100	9300	19100	144400	140600	0	4400	20700	140100	125300	16600	15100	
54000	10400	11000	5300	15100	146100	136600	4400	0	16300	136000	121200	15300	11000	
70000	5900	6000	11700	1900	129800	126700	20700	16300	0	126100	111300	19400	6000	
189700	131300	125000	130800	124500	232500	2500	140100	136000	126100	0	25600	142300	125000	
174900	116400	110200	116000	109600	217700	26200	125300	121200	111300	25600	0	127500	110200	
68200	13500	17300	11600	20300	149200	142900	16600	15300	19400	142300	127500	0	17300	
64700	10900	0	5800	4100	135700	125600	15100	11000	6000	125000	110200	17300	0	
