##Problem_info
speed(meters/minute): 333
coupling_time: 15
decoupling_time: 15
body_capacity: 100
max_bodies: 4
total_number_of_nodes: 14
total_number_of_vessels: 5
total_number_of_bodies: 10
total_number_of_requests: 150
unscheduled_cost_coefficient: 10000
service_time: 2
##Nodes [id is_swap_location]   (-2 is only swap location/transfer | 1 is customer that allow a body to be dropped)
0 1
1 1
2 1
3 1
4 1
5 1
6 1
7 1
8 1
9 1
10 1
11 1
12 1
13 -2
##Vessel [id start_location start_time]
0 5 141
1 3 152
2 2 0
3 1 8
4 0 29
##Bodies [id attached_to_vessel start_location]  (if -1 for attached_to_vessel: body starts detached)
0 3 1
1 0 5
2 4 0
3 1 3
4 2 2
5 4 0
6 0 5
7 3 1
8 2 2
9 0 5
##Requests [id pickup_location_id pickup_from pickup_to delivery_location_id delivery_from delivery_to num_containers at_body_id]
0 -1 -1 -1 3 18720 28827 16 0
1 10 11520 19614 1 11792 21378 10 -1
2 -1 -1 -1 2 21600 36966 1 1
3 -1 -1 -1 7 20160 26492 12 1
4 0 21600 27265 8 21600 37746 14 -1
5 0 10080 23672 8 20212 31573 19 -1
6 1 5760 8853 0 5760 22116 2 -1
7 6 10080 17120 4 15398 32184 12 -1
8 12 11520 15812 10 11690 22505 20 -1
9 2 4320 10279 5 4320 23882 5 -1
10 6 27360 28800 -1 -1 -1 21 -1
11 0 8640 20105 6 14195 26507 4 -1
12 6 15840 22031 10 20591 22031 1 -1
13 3 5760 15918 2 11607 20251 10 -1
14 7 1440 13951 11 3643 20180 4 -1
15 8 7200 20892 11 16926 33329 14 -1
16 -1 -1 -1 0 15840 21080 1 3
17 4 2880 13045 3 6067 16154 2 -1
18 6 15840 22461 3 16453 23358 5 -1
19 1 7200 12481 10 9000 13427 7 -1
20 -1 -1 -1 6 2880 8148 18 3
21 -1 -1 -1 12 18720 28424 20 4
22 1 20160 28059 -1 -1 -1 2 -1
23 12 20160 22317 11 20160 27475 16 -1
24 -1 -1 -1 7 20160 26043 16 3
25 7 12960 16574 12 13818 23075 3 -1
26 -1 -1 -1 8 10080 18257 19 3
27 9 15840 19138 7 15840 22722 17 -1
28 2 8640 11858 0 8640 23200 26 -1
29 6 11520 19596 11 17905 29789 15 -1
30 7 7200 13661 12 7793 18105 19 -1
31 0 7200 10366 6 7200 16272 3 -1
32 6 12960 17525 0 12960 26106 9 -1
33 -1 -1 -1 2 15840 20990 13 3
34 8 11520 12960 1 11520 21420 9 -1
35 11 2880 14558 12 12264 23977 23 -1
36 8 4320 17062 7 6862 23182 9 -1
37 7 14400 23310 1 21287 31443 14 -1
38 4 1440 8804 5 2803 11037 10 -1
39 5 11520 17607 7 11520 17750 13 -1
40 -1 -1 -1 8 25920 37513 16 4
41 10 7200 15454 7 7200 18953 16 -1
42 12 2880 7240 10 2880 11318 2 -1
43 -1 -1 -1 3 17280 25898 6 1
44 0 8640 16818 2 12651 21610 26 -1
45 10 8640 17270 0 14226 25333 1 -1
46 6 11520 17830 2 13043 19457 14 -1
47 12 4320 18051 0 16124 26726 1 -1
48 7 12960 23114 8 18032 35166 1 -1
49 5 15840 20486 10 15840 28911 19 -1
50 8 7200 9627 2 7200 20911 6 -1
51 12 5760 7200 4 6576 8677 8 -1
52 8 5760 15044 1 13632 24381 7 -1
53 7 2880 9594 1 2880 17599 4 -1
54 5 8640 18167 2 8791 18542 18 -1
55 2 0 7378 0 2786 17223 21 -1
56 -1 -1 -1 1 10080 28595 5 5
57 1 1440 21206 7 14968 26554 2 -1
58 0 12960 24141 3 20426 36800 12 -1
59 2 7200 16707 11 12843 17653 7 -1
60 -1 -1 -1 5 10080 28286 5 3
61 0 11520 13110 12 11520 15047 15 -1
62 9 17280 28571 -1 -1 -1 5 -1
63 -1 -1 -1 3 11520 18266 19 2
64 -1 -1 -1 6 8640 17374 1 3
65 5 14400 17468 9 14400 32610 3 -1
66 11 15840 19017 5 17577 19017 15 -1
67 0 15840 23330 12 19690 23330 15 -1
68 -1 -1 -1 7 8640 25801 6 1
69 -1 -1 -1 10 17280 34656 9 4
70 1 0 4817 2 0 13557 9 -1
71 -1 -1 -1 10 17280 31350 2 3
72 8 5760 7200 9 5760 20071 3 -1
73 6 12960 21664 4 15853 31129 3 -1
74 3 8640 11146 7 8640 16409 5 -1
75 11 12960 20454 6 14920 27816 1 -1
76 6 0 7748 1 6474 17056 31 -1
77 0 1440 7870 1 6956 16333 17 -1
78 11 15840 23271 3 21831 23271 18 -1
79 10 2880 4981 7 2880 22082 12 -1
80 -1 -1 -1 10 11520 20175 22 6
81 0 18720 26105 4 20222 27759 12 -1
82 -1 -1 -1 9 17280 29535 1 9
83 10 17280 20490 7 18487 25205 2 -1
84 5 4320 9841 1 6759 16718 6 -1
85 12 17280 18720 10 17280 20008 1 -1
86 -1 -1 -1 9 14400 17990 23 0
87 5 2880 6686 0 2880 16302 11 -1
88 8 12960 22915 11 16692 27153 6 -1
89 2 4320 9433 7 4750 9433 1 -1
90 3 5760 15547 7 10409 20272 4 -1
91 7 7200 15386 4 11048 18459 20 -1
92 2 15840 27226 11 20744 27670 33 -1
93 -1 -1 -1 4 23040 37042 1 9
94 -1 -1 -1 3 21600 24366 1 8
95 9 7200 8640 0 7200 12059 2 -1
96 -1 -1 -1 7 2880 18779 1 1
97 9 8640 15299 12 12570 15299 7 -1
98 12 5760 10878 5 5760 17949 1 -1
99 8 4320 10255 2 4320 17974 10 -1
100 4 8640 13351 3 11993 28551 5 -1
101 4 12960 20317 2 18458 20560 2 -1
102 5 17280 20319 3 17280 30395 2 -1
103 4 7200 15998 8 11753 31473 2 -1
104 11 18720 24288 4 18720 31002 2 -1
105 9 11520 21766 8 15935 21766 10 -1
106 6 8640 13652 3 8640 15766 4 -1
107 1 15840 20900 10 16727 25283 23 -1
108 6 15840 21921 1 19202 35994 18 -1
109 6 5760 8674 12 6294 12896 1 -1
110 8 8640 16311 3 13069 16311 27 -1
111 -1 -1 -1 12 14400 20870 1 6
112 3 14400 20557 10 14400 21023 16 -1
113 -1 -1 -1 5 0 10882 15 7
114 2 17280 24432 0 21371 30032 4 -1
115 1 4320 17280 9 11859 19794 14 -1
116 3 14400 24387 8 20063 31522 1 -1
117 1 1440 7409 7 3421 9077 14 -1
118 4 11520 23501 5 21884 28214 1 -1
119 6 17280 28607 -1 -1 -1 5 -1
120 11 7200 14710 1 13909 24340 4 -1
121 11 10080 25758 8 23533 37581 22 -1
122 0 11520 15859 2 15956 20359 12 -1
123 11 12960 16692 1 13304 27974 3 -1
124 12 10080 15679 1 10384 21067 1 -1
125 0 2880 5940 7 2880 18453 11 -1
126 9 7200 11620 0 7200 23660 11 -1
127 6 20160 25280 10 20160 32945 12 -1
128 5 1440 8133 0 4664 22331 17 -1
129 9 24480 27658 -1 -1 -1 1 -1
130 9 2880 11197 5 6029 20522 5 -1
131 -1 -1 -1 6 21600 26597 9 2
132 -1 -1 -1 7 20160 21600 28 8
133 4 17280 24508 11 22945 31190 15 -1
134 -1 -1 -1 12 17280 27731 9 7
135 5 12960 23772 3 17786 23772 1 -1
136 -1 -1 -1 11 20160 29896 10 2
137 9 14400 15933 6 14400 16661 18 -1
138 12 1440 12119 6 6728 16735 19 -1
139 9 10080 13398 8 12493 22192 24 -1
140 1 11520 12960 3 11520 23992 9 -1
141 5 14400 22975 12 19843 30317 5 -1
142 1 18720 20160 10 18720 24874 1 -1
143 1 15840 21929 10 18368 21929 8 -1
144 -1 -1 -1 12 4320 16030 8 8
145 9 2880 10296 11 4672 18728 11 -1
146 11 21600 25927 7 21600 27974 5 -1
147 11 20160 23309 12 20582 27073 19 -1
148 0 1440 10089 10 11187 23431 4 -1
149 9 17280 18964 0 17280 26454 1 -1
#Distance_Matrix [row=from col=to] (given in meters)
0	64100	64700	59000	68800	198000	190300	53600	54000	70000	189700	174900	68200	64700	
64100	0	10900	6200	6800	135700	131800	14800	10400	5900	131300	116400	13500	10900	
64700	10900	0	5800	4100	135700	125600	15100	11000	6000	125000	110200	17300	0	
59000	6200	5800	0	9800	141400	131300	9300	5300	11700	130800	116000	11600	5800	
68800	6800	4100	9800	0	131600	125000	19100	15100	1900	124500	109600	20300	4100	
198000	135700	135700	141400	131600	0	233000	144400	146100	129800	232500	217700	149200	135700	
190300	131800	125600	131300	125000	233000	0	140600	136600	126700	2500	26200	142900	125600	
53600	14800	15100	9300	19100	144400	140600	0	4400	20700	140100	125300	16600	15100	
54000	10400	11000	5300	15100	146100	136600	4400	0	16300	136000	121200	15300	11000	
70000	5900	6000	11700	1900	129800	126700	20700	16300	0	126100	111300	19400	6000	
189700	131300	125000	130800	124500	232500	2500	140100	136000	126100	0	25600	142300	125000	
174900	116400	110200	116000	109600	217700	26200	125300	121200	111300	25600	0	127500	110200	
68200	13500	17300	11600	20300	149200	142900	16600	15300	19400	142300	127500	0	17300	
64700	10900	0	5800	4100	135700	125600	15100	11000	6000	125000	110200	17300	0	
