##Problem_info
speed(meters/minute): 333
coupling_time: 15
decoupling_time: 15
body_capacity: 100
max_bodies: 4
total_number_of_nodes: 14
total_number_of_vessels: 5
total_number_of_bodies: 10
total_number_of_requests: 150
unscheduled_cost_coefficient: 10000
service_time: 2
##Nodes [id is_swap_location]   (-2 is only swap location/transfer | 1 is customer that allow a body to be dropped)
0 1
1 1
2 1
3 1
4 1
5 1
6 1
7 1
8 1
9 1
10 1
11 1
12 1
13 -2
##Vessel [id start_location start_time]
0 13 52
1 12 21
2 10 88
3 9 43
4 8 35
##Bodies [id attached_to_vessel start_location]  (if -1 for attached_to_vessel: body starts detached)
0 1 12
1 2 10
2 3 9
3 4 8
4 0 13
5 4 8
6 4 8
7 3 9
8 2 10
9 0 13
##Requests [id pickup_location_id pickup_from pickup_to delivery_location_id delivery_from delivery_to num_containers at_body_id]
0 6 21600 24895 4 21600 34150 7 -1
1 9 8640 14998 10 11489 23387 7 -1
2 8 11520 16121 11 12795 25628 6 -1
3 2 5760 14758 9 10162 21625 30 -1
4 5 11520 21808 12 16936 23860 3 -1
5 -1 -1 -1 12 11520 18058 14 7
6 -1 -1 -1 3 4320 11936 19 5
7 9 11520 23543 3 21521 33213 17 -1
8 8 1440 4291 10 1440 13896 14 -1
9 2 5760 13953 3 6883 13953 9 -1
10 0 15840 21968 2 20141 32828 27 -1
11 10 23040 26979 12 23040 34440 8 -1
12 -1 -1 -1 10 10080 11520 13 5
13 2 1440 11345 3 7013 18343 18 -1
14 -1 -1 -1 6 7200 27351 7 4
15 8 8640 11130 12 8640 15123 3 -1
16 6 8640 15651 1 8953 16320 1 -1
17 -1 -1 -1 12 2880 9921 1 8
18 8 7200 20355 5 14828 28203 2 -1
19 -1 -1 -1 7 25920 31544 3 6
20 11 11520 20035 4 16056 25548 2 -1
21 4 4320 9731 6 4393 17809 9 -1
22 11 15840 19723 4 15840 23344 1 -1
23 -1 -1 -1 4 12960 21898 2 7
24 0 8640 22471 7 15612 22471 2 -1
25 9 20160 21935 1 20160 23209 3 -1
26 6 1440 8223 3 2734 8626 3 -1
27 5 7200 14395 1 8801 14395 8 -1
28 8 15840 21339 5 19315 23282 1 -1
29 7 21600 23040 8 21600 34731 25 -1
30 12 5760 12347 3 5760 14245 9 -1
31 -1 -1 -1 12 2880 19425 4 4
32 9 2880 15792 6 13537 21537 2 -1
33 2 20160 24550 12 23191 32708 14 -1
34 11 2880 4735 9 2880 16172 7 -1
35 6 2880 4320 7 2880 17777 13 -1
36 6 18720 26888 9 18909 27937 2 -1
37 4 2880 7715 6 2880 10876 2 -1
38 12 12960 21889 9 18556 37759 10 -1
39 -1 -1 -1 3 20160 23002 3 1
40 -1 -1 -1 7 17280 23901 10 6
41 2 8640 13157 9 8640 24024 3 -1
42 1 11520 26299 3 24041 32721 3 -1
43 7 11520 22031 4 14826 22031 25 -1
44 0 14400 27389 -1 -1 -1 7 -1
45 4 1440 2880 3 1440 13579 8 -1
46 3 7200 15997 9 14318 22903 3 -1
47 10 14400 18592 7 14400 23477 28 -1
48 11 11520 18013 3 14761 20504 7 -1
49 12 18720 25333 8 19429 36960 2 -1
50 7 15840 22166 9 15840 24011 6 -1
51 1 1440 6289 8 1786 6334 20 -1
52 12 11520 24402 2 22962 24402 1 -1
53 10 7200 13472 6 9747 16869 23 -1
54 3 10080 17788 12 13401 22967 18 -1
55 3 7200 12884 6 7200 19288 3 -1
56 7 5760 21920 12 16442 25988 1 -1
57 6 14400 22342 9 16518 27035 16 -1
58 12 23040 27675 -1 -1 -1 11 -1
59 5 11520 26499 11 23049 31935 16 -1
60 2 17280 23239 7 20440 26341 13 -1
61 6 10080 13509 11 10080 20687 4 -1
62 11 12960 20506 2 14910 29736 26 -1
63 4 4320 16921 3 13389 16921 19 -1
64 5 10080 22212 0 15976 31032 4 -1
65 12 1440 8728 8 4458 18409 8 -1
66 1 2880 9031 5 3369 10871 13 -1
67 0 1440 14412 11 8494 17117 5 -1
68 -1 -1 -1 9 20160 21600 6 7
69 8 7200 8640 0 7200 9535 1 -1
70 12 10080 25039 0 15256 27805 15 -1
71 -1 -1 -1 6 8640 21856 9 5
72 0 17280 22110 7 17280 24615 2 -1
73 -1 -1 -1 5 11520 25080 16 9
74 -1 -1 -1 11 11520 29282 5 8
75 6 5760 15560 11 5760 17705 9 -1
76 12 17280 24428 4 17622 27562 5 -1
77 -1 -1 -1 7 10080 22347 3 4
78 11 23040 25740 0 23040 34983 4 -1
79 9 11520 24976 3 24010 39716 7 -1
80 11 8640 14146 2 8640 18430 9 -1
81 -1 -1 -1 2 4320 5992 4 7
82 0 12960 16903 5 12960 24714 8 -1
83 2 14400 20273 10 15625 23125 6 -1
84 -1 -1 -1 0 1440 3354 12 8
85 8 2880 16613 9 12548 20507 1 -1
86 2 14400 25023 7 21734 30041 2 -1
87 5 20160 24946 6 20160 30081 21 -1
88 4 21600 26420 10 21600 37008 33 -1
89 5 8640 18966 4 11671 20506 15 -1
90 2 1440 16331 0 14449 22287 19 -1
91 -1 -1 -1 9 4320 15566 3 4
92 4 20160 27091 6 21826 31633 1 -1
93 1 11520 12960 2 11520 20506 5 -1
94 5 14400 26253 11 21154 33174 4 -1
95 3 2880 8739 9 4854 11038 7 -1
96 10 17280 26981 6 25657 35030 10 -1
97 4 10080 11543 5 10080 20595 1 -1
98 -1 -1 -1 8 25920 37789 3 9
99 8 24480 28400 -1 -1 -1 4 -1
100 4 4320 13629 3 10656 21978 2 -1
101 1 11520 25424 12 23311 32726 1 -1
102 4 18720 23906 2 22139 34052 1 -1
103 9 0 17125 5 12984 24251 2 -1
104 9 15840 27105 2 18647 34073 31 -1
105 6 0 8177 3 2418 9757 18 -1
106 11 1440 2880 9 1440 13657 28 -1
107 -1 -1 -1 3 0 13046 10 6
108 4 11520 12960 12 11625 26486 11 -1
109 5 8640 10080 6 8640 21843 12 -1
110 10 11520 21710 2 19079 21710 4 -1
111 5 4320 18732 11 11894 21810 3 -1
112 7 5760 9844 11 5760 16523 11 -1
113 10 25920 28096 -1 -1 -1 12 -1
114 -1 -1 -1 12 8640 22160 16 3
115 -1 -1 -1 5 5760 20522 1 2
116 3 2880 8304 6 2880 15434 7 -1
117 -1 -1 -1 7 14400 32478 12 6
118 2 7200 9963 6 7283 14816 3 -1
119 12 7200 19233 5 18869 28542 11 -1
120 -1 -1 -1 5 10080 17392 17 9
121 -1 -1 -1 1 1440 6442 1 1
122 9 1440 11675 12 4756 11675 1 -1
123 -1 -1 -1 2 4320 12419 6 0
124 0 10080 28033 -1 -1 -1 13 -1
125 11 5760 7200 10 5760 20786 9 -1
126 -1 -1 -1 12 23040 34566 8 9
127 10 8640 17523 5 10579 25270 20 -1
128 1 5760 16339 12 12237 16686 8 -1
129 -1 -1 -1 6 11520 22907 3 7
130 1 15840 18943 9 15840 21490 11 -1
131 7 17280 19664 1 17280 25032 11 -1
132 9 7200 15387 3 14160 25477 8 -1
133 10 10080 15495 2 14329 26019 4 -1
134 10 2880 4693 8 2880 14077 4 -1
135 12 17280 24736 0 17280 34440 11 -1
136 11 5760 11244 6 8148 11244 3 -1
137 0 10080 15914 4 11036 15914 18 -1
138 1 5760 20664 3 16045 28695 11 -1
139 -1 -1 -1 7 0 11022 1 1
140 -1 -1 -1 0 1440 13698 20 3
141 8 23040 27551 -1 -1 -1 9 -1
142 -1 -1 -1 0 20160 27536 4 6
143 -1 -1 -1 3 14400 28649 19 3
144 -1 -1 -1 12 8640 21191 15 4
145 11 1440 19654 7 16000 19654 13 -1
146 7 12960 18827 5 14726 18827 5 -1
147 11 14400 25022 2 18091 26839 10 -1
148 10 1440 7056 8 4765 7846 3 -1
149 9 1440 4254 2 1440 10835 6 -1
#Distance_Matrix [row=from col=to] (given in meters)
0	64100	64700	59000	68800	198000	190300	53600	54000	70000	189700	174900	68200	64700	
64100	0	10900	6200	6800	135700	131800	14800	10400	5900	131300	116400	13500	10900	
64700	10900	0	5800	4100	135700	125600	15100	11000	6000	125000	110200	17300	0	
59000	6200	5800	0	9800	141400	131300	9300	5300	11700	130800	116000	11600	5800	
68800	6800	4100	9800	0	131600	125000	19100	15100	1900	124500	109600	20300	4100	
198000	135700	135700	141400	131600	0	233000	144400	146100	129800	232500	217700	149200	135700	
190300	131800	125600	131300	125000	233000	0	140600	136600	126700	2500	26200	142900	125600	
53600	14800	15100	9300	19100	144400	140600	0	4400	20700	140100	125300	16600	15100	
54000	10400	11000	5300	15100	146100	136600	4400	0	16300	136000	121200	15300	11000	
70000	5900	6000	11700	1900	129800	126700	20700	16300	0	126100	111300	19400	6000	
189700	131300	125000	130800	124500	232500	2500	140100	136000	126100	0	25600	142300	125000	
174900	116400	110200	116000	109600	217700	26200	125300	121200	111300	25600	0	127500	110200	
68200	13500	17300	11600	20300	149200	142900	16600	15300	19400	142300	127500	0	17300	
64700	10900	0	5800	4100	135700	125600	15100	11000	6000	125000	110200	17300	0	
