##Problem_info
speed(meters/minute): 333
coupling_time: 15
decoupling_time: 15
body_capacity: 100
max_bodies: 4
total_number_of_nodes: 14
total_number_of_vessels: 5
total_number_of_bodies: 10
total_number_of_requests: 150
unscheduled_cost_coefficient: 10000
service_time: 2
##Nodes [id is_swap_location]   (-2 is only swap location/transfer | 1 is customer that allow a body to be dropped)
0 1
1 1
2 1
3 1
4 1
5 1
6 1
7 1
8 1
9 1
10 1
11 1
12 1
13 -2
##Vessel [id start_location start_time]
0 13 7
1 11 55
2 10 198
3 9 6
4 8 6
##Bodies [id attached_to_vessel start_location]  (if -1 for attached_to_vessel: body starts detached)
0 4 8
1 0 13
2 3 9
3 2 10
4 1 11
5 2 10
6 1 11
7 4 8
8 3 9
9 1 11
##Requests [id pickup_location_id pickup_from pickup_to delivery_location_id delivery_from delivery_to num_containers at_body_id]
0 8 17280 23934 0 22367 35925 14 -1
1 -1 -1 -1 4 14400 22152 12 5
2 7 8640 11122 11 8640 18669 3 -1
3 -1 -1 -1 0 1440 9258 3 3
4 0 1440 14184 2 6119 18397 10 -1
5 -1 -1 -1 10 15840 17280 3 6
6 1 2880 10083 10 4459 10083 7 -1
7 10 7200 8952 5 7200 14603 6 -1
8 10 1440 2880 7 1440 10454 32 -1
9 8 11520 12960 6 11520 16910 12 -1
10 10 10080 12159 9 10080 16718 17 -1
11 5 12960 22939 3 26806 37830 17 -1
12 10 14400 20761 2 19691 35627 14 -1
13 -1 -1 -1 0 14400 26604 7 4
14 -1 -1 -1 12 15840 24274 4 6
15 1 0 11179 8 4983 18746 18 -1
16 -1 -1 -1 10 8640 21844 9 9
17 11 8640 14282 3 8640 19849 5 -1
18 0 10080 24945 5 20459 32429 24 -1
19 -1 -1 -1 7 17280 34308 10 3
20 4 5760 16556 9 13575 16556 15 -1
21 -1 -1 -1 7 2880 16091 8 3
22 8 8640 15300 6 13860 15300 25 -1
23 11 12960 22486 9 15693 29754 16 -1
24 -1 -1 -1 0 1440 2880 16 6
25 8 21600 23799 2 21600 25651 1 -1
26 1 14400 16489 11 17030 26650 2 -1
27 -1 -1 -1 8 14400 26276 17 1
28 11 15840 20065 3 15840 25233 5 -1
29 12 1440 15939 7 12878 26481 1 -1
30 6 11520 23270 12 17151 23270 22 -1
31 10 10080 18389 7 16949 18389 1 -1
32 2 1440 12291 5 8238 23146 4 -1
33 -1 -1 -1 8 12960 23591 1 0
34 4 11520 19546 6 13348 19546 5 -1
35 4 20160 26652 7 22189 33469 2 -1
36 9 8640 15146 3 12926 18448 29 -1
37 -1 -1 -1 10 8640 12028 7 9
38 1 4320 12754 6 8012 22146 14 -1
39 11 10080 11520 7 10080 30099 12 -1
40 0 10080 20913 11 15867 23502 18 -1
41 -1 -1 -1 6 2880 17036 23 5
42 1 1440 8495 2 6717 17602 2 -1
43 4 4320 8709 12 4320 21281 3 -1
44 10 1440 8968 2 2547 9176 21 -1
45 5 2880 13206 4 8566 23433 20 -1
46 11 15840 17280 9 15840 18784 11 -1
47 2 15840 21023 7 15840 26613 14 -1
48 11 0 7854 7 0 21000 3 -1
49 12 21600 23430 7 21600 33781 13 -1
50 3 2880 8102 2 7684 20192 9 -1
51 0 8640 17715 4 13269 25536 10 -1
52 -1 -1 -1 9 12960 28949 1 7
53 7 27360 28800 -1 -1 -1 22 -1
54 12 0 11765 10 6905 17100 12 -1
55 9 0 13395 8 3595 22340 3 -1
56 2 18720 26826 0 18720 28360 21 -1
57 8 7200 17826 12 11519 23389 21 -1
58 2 7200 14126 10 11592 17773 4 -1
59 11 10080 15891 3 13797 25382 16 -1
60 4 0 9314 11 3585 9314 5 -1
61 1 11520 21255 10 18806 27345 1 -1
62 -1 -1 -1 10 20160 38098 9 9
63 11 1440 14269 4 13786 24833 5 -1
64 0 20160 27513 -1 -1 -1 15 -1
65 0 21600 23040 4 21600 36573 24 -1
66 10 1440 4813 12 1440 11774 11 -1
67 8 8640 11486 4 8640 17647 3 -1
68 10 4320 7189 0 5260 16903 23 -1
69 6 5760 9644 11 5760 19863 5 -1
70 2 21600 25760 7 22115 29003 8 -1
71 0 17280 24760 1 20734 25225 1 -1
72 -1 -1 -1 9 15840 26867 3 8
73 9 0 4225 6 0 6874 9 -1
74 -1 -1 -1 2 18720 33679 5 3
75 -1 -1 -1 5 17280 24942 2 1
76 -1 -1 -1 4 2880 16450 13 2
77 4 17280 23661 5 17280 30484 1 -1
78 -1 -1 -1 8 7200 16096 8 7
79 -1 -1 -1 11 25920 33671 3 9
80 4 18720 25106 8 19729 26199 9 -1
81 9 17280 27546 -1 -1 -1 1 -1
82 11 8640 16499 5 15375 23530 13 -1
83 -1 -1 -1 7 12960 30673 24 1
84 3 10080 11552 2 10080 23102 9 -1
85 -1 -1 -1 11 8640 16343 1 4
86 12 5760 10284 10 8496 18291 13 -1
87 12 5760 10091 6 7476 16412 20 -1
88 11 4320 17041 5 11532 21373 5 -1
89 -1 -1 -1 10 14400 18577 6 4
90 -1 -1 -1 11 7200 15590 3 1
91 11 20160 26016 8 23561 31019 1 -1
92 8 10080 19121 2 12758 19174 11 -1
93 10 5760 13517 11 6332 17942 15 -1
94 -1 -1 -1 5 23040 26325 5 7
95 2 1440 2880 11 1440 10197 4 -1
96 8 4320 15399 7 11241 18427 5 -1
97 3 5760 14110 9 8449 19039 16 -1
98 -1 -1 -1 6 21600 27256 10 3
99 9 17280 25035 6 23002 35218 3 -1
100 12 14400 26521 2 19617 33997 50 -1
101 1 0 1440 0 0 6222 11 -1
102 10 1440 7468 0 6076 25723 11 -1
103 12 7200 17622 2 10324 21891 19 -1
104 2 11520 27777 -1 -1 -1 2 -1
105 0 0 2695 12 0 11589 5 -1
106 7 2880 7082 12 2880 16726 13 -1
107 8 15840 24811 9 24646 42480 5 -1
108 -1 -1 -1 6 2880 15628 28 9
109 3 23040 24480 5 23040 41967 32 -1
110 12 12960 16070 5 13905 26892 19 -1
111 -1 -1 -1 4 8640 20436 2 7
112 -1 -1 -1 6 2880 11482 9 0
113 -1 -1 -1 4 7200 18158 25 3
114 -1 -1 -1 6 14400 24492 3 0
115 6 15840 28508 -1 -1 -1 9 -1
116 -1 -1 -1 12 4320 8863 19 9
117 0 12960 21184 8 14749 35749 11 -1
118 5 2880 11672 4 7017 17713 25 -1
119 4 8640 13155 8 8640 15861 8 -1
120 -1 -1 -1 0 5760 12481 21 1
121 12 10080 14192 3 10080 27545 4 -1
122 7 1440 5112 1 1440 12201 2 -1
123 -1 -1 -1 2 23040 35494 7 8
124 0 11520 15130 11 11520 18393 1 -1
125 2 10080 24738 11 23298 24738 9 -1
126 10 7200 16094 6 7635 18892 6 -1
127 1 14400 20204 6 14407 32274 13 -1
128 -1 -1 -1 11 8640 17198 2 2
129 10 0 5517 7 2611 15038 2 -1
130 10 21600 25570 11 21600 27562 4 -1
131 5 21600 28679 -1 -1 -1 6 -1
132 1 0 3413 3 0 12120 33 -1
133 9 1440 5508 0 1440 10717 3 -1
134 1 7200 21101 10 17021 34973 15 -1
135 4 20160 28084 -1 -1 -1 18 -1
136 1 4320 18547 7 11635 20646 3 -1
137 1 23040 25774 4 23040 26049 25 -1
138 1 14400 20268 12 19909 28735 12 -1
139 10 1440 6932 8 1440 15206 15 -1
140 -1 -1 -1 2 0 9169 5 9
141 -1 -1 -1 6 1440 14089 10 9
142 -1 -1 -1 2 8640 16179 29 3
143 0 2880 5801 2 2880 9857 22 -1
144 4 10080 19907 2 14949 21915 20 -1
145 12 14400 25032 1 20406 25032 20 -1
146 2 14400 23881 3 21228 32038 1 -1
147 8 14400 25948 9 21276 32860 13 -1
148 9 20160 27267 7 20227 30634 12 -1
149 10 20160 26621 0 22732 32314 8 -1
#Distance_Matrix [row=from col=to] (given in meters)
0	64100	64700	59000	68800	198000	190300	53600	54000	70000	189700	174900	68200	64700	
64100	0	10900	6200	6800	135700	131800	14800	10400	5900	131300	116400	13500	10900	
64700	10900	0	5800	4100	135700	125600	15100	11000	6000	125000	110200	17300	0	
59000	6200	5800	0	9800	141400	131300	9300	5300	11700	130800	116000	11600	5800	
68800	6800	4100	9800	0	131600	125000	19100	15100	1900	124500	109600	20300	4100	
198000	135700	135700	141400	131600	0	233000	144400	146100	129800	232500	217700	149200	135700	
190300	131800	125600	131300	125000	233000	0	140600	136600	126700	2500	26200	142900	125600	
53600	14800	15100	9300	19100	144400	140600	0	4400	20700	140100	125300	16600	15100	
54000	10400	11000	5300	15100	146100	136600	4400	0	16300	136000	121200	15300	11000	
70000	5900	6000	11700	1900	129800	126700	20700	16300	0	126100	111300	19400	6000	
189700	131300	125000	130800	124500	232500	2500	140100	136000	126100	0	25600	142300	125000	
174900	116400	110200	116000	109600	217700	26200	125300	121200	111300	25600	0	127500	110200	
68200	13500	17300	11600	20300	149200	142900	16600	15300	19400	142300	127500	0	17300	
64700	10900	0	5800	4100	135700	125600	15100	11000	6000	125000	110200	17300	0	
