##Problem_info
speed(meters/minute): 333
coupling_time: 15
decoupling_time: 15
body_capacity: 100
max_bodies: 4
total_number_of_nodes: 14
total_number_of_vessels: 5
total_number_of_bodies: 10
total_number_of_requests: 150
unscheduled_cost_coefficient: 10000
service_time: 2
##Nodes [id is_swap_location]   (-2 is only swap location/transfer | 1 is customer that allow a body to be dropped)
0 1
1 1
2 1
3 1
4 1
5 1
6 1
7 1
8 1
9 1
10 1
11 1
12 1
13 -2
##Vessel [id start_location start_time]
0 6 135
1 5 100
2 4 43
3 3 2
4 2 13
##Bodies [id attached_to_vessel start_location]  (if -1 for attached_to_vessel: body starts detached)
0 1 5
1 3 3
2 0 6
3 4 2
4 2 4
5 1 5
6 0 6
7 0 6
8 2 4
9 4 2
##Requests [id pickup_location_id pickup_from pickup_to delivery_location_id delivery_from delivery_to num_containers at_body_id]
0 -1 -1 -1 8 14400 15840 14 5
1 -1 -1 -1 3 5760 7586 7 3
2 5 11520 20049 0 16351 28026 1 -1
3 6 11520 23101 0 19122 25412 15 -1
4 1 4320 19397 4 17222 29244 11 -1
5 12 0 1792 11 0 6441 7 -1
6 8 4320 20308 11 17777 29689 11 -1
7 3 12960 18246 2 12960 26955 10 -1
8 -1 -1 -1 6 4320 15556 11 6
9 12 12960 14400 6 13192 29582 14 -1
10 10 21600 23040 0 21600 33778 8 -1
11 5 4320 10866 11 5984 18607 23 -1
12 5 4320 8561 10 4320 15238 7 -1
13 -1 -1 -1 9 17280 30837 1 9
14 5 4320 13596 6 7763 15816 32 -1
15 -1 -1 -1 11 7200 16693 2 6
16 -1 -1 -1 2 0 21000 10 6
17 4 2880 6956 12 2880 14297 15 -1
18 0 4320 14271 9 12474 27491 1 -1
19 7 4320 13516 2 5222 15094 13 -1
20 4 15840 18010 3 16651 29934 25 -1
21 5 10080 18420 1 13751 26085 9 -1
22 -1 -1 -1 3 2880 14977 15 7
23 10 14400 26866 7 19282 26866 11 -1
24 0 10080 21898 8 14034 21898 29 -1
25 1 8640 13387 10 10673 20177 1 -1
26 7 23040 26367 8 23238 35881 11 -1
27 6 8640 16895 11 11054 16895 16 -1
28 -1 -1 -1 7 0 5446 1 8
29 4 8640 20001 11 12844 20001 17 -1
30 1 14400 22932 4 17631 22932 6 -1
31 -1 -1 -1 6 24480 32098 14 1
32 -1 -1 -1 12 11520 28407 1 7
33 4 12960 14400 1 12960 17705 2 -1
34 8 5760 11108 5 8448 18404 8 -1
35 2 2880 7644 4 6120 7644 8 -1
36 3 15840 17984 12 18485 35604 16 -1
37 4 7200 15328 9 11629 22006 1 -1
38 10 4320 8107 5 4320 12250 5 -1
39 -1 -1 -1 5 5760 17766 4 2
40 6 25920 28702 -1 -1 -1 10 -1
41 -1 -1 -1 2 10080 20969 1 5
42 -1 -1 -1 4 24480 32080 5 5
43 10 20160 26777 0 26717 39194 6 -1
44 5 7200 14367 8 10015 26351 14 -1
45 10 10080 23721 12 13882 23941 1 -1
46 6 7200 13807 7 11022 13807 1 -1
47 11 10080 14356 12 10080 19093 11 -1
48 11 0 4514 9 0 8932 4 -1
49 10 4320 13788 8 11849 20274 1 -1
50 8 0 7580 12 5657 7580 3 -1
51 9 20160 27995 -1 -1 -1 3 -1
52 8 20160 28485 -1 -1 -1 7 -1
53 -1 -1 -1 9 24480 31304 12 6
54 -1 -1 -1 6 17280 21707 17 5
55 5 5760 15408 1 8608 23357 24 -1
56 6 12960 19938 1 12960 21755 14 -1
57 6 8640 12514 3 10705 21751 9 -1
58 9 2880 18205 2 16765 18205 11 -1
59 9 15840 25647 0 18019 28720 2 -1
60 5 1440 3637 0 4062 10500 26 -1
61 7 2880 4622 1 2880 9802 2 -1
62 0 11520 22299 11 17708 22299 5 -1
63 0 23040 28409 -1 -1 -1 1 -1
64 0 2880 18405 11 14180 27633 11 -1
65 8 20160 28363 -1 -1 -1 13 -1
66 5 12960 16831 8 14030 29434 22 -1
67 4 8640 25898 1 22790 25898 15 -1
68 10 14400 28160 -1 -1 -1 9 -1
69 6 25920 28503 -1 -1 -1 1 -1
70 10 14400 23292 12 22597 24573 1 -1
71 0 1440 3867 9 1440 16180 20 -1
72 10 8640 16579 1 9355 21541 9 -1
73 6 14400 24521 8 20104 27478 37 -1
74 0 14400 21717 10 14836 32442 14 -1
75 4 7200 16553 3 11503 16553 13 -1
76 3 4320 20397 7 17738 28911 7 -1
77 10 17280 20395 1 17280 21666 3 -1
78 10 14400 24649 1 15917 26809 13 -1
79 5 18720 23686 7 18945 23686 1 -1
80 11 12960 16159 4 12963 27307 5 -1
81 3 4320 6903 2 4320 15964 18 -1
82 3 8640 15624 9 13585 25809 2 -1
83 7 23040 25974 11 28748 38326 4 -1
84 -1 -1 -1 12 8640 15067 11 4
85 2 5760 10896 5 8667 15968 12 -1
86 9 10080 15330 7 10812 25183 3 -1
87 2 11520 20391 10 11520 22542 17 -1
88 11 5760 10426 0 8545 28783 2 -1
89 -1 -1 -1 9 5760 9551 5 8
90 12 10080 14858 4 10080 24963 21 -1
91 6 1440 4215 3 1440 10802 6 -1
92 1 8640 18420 2 14042 25734 12 -1
93 2 18720 23313 7 19001 23313 8 -1
94 -1 -1 -1 10 0 7118 13 1
95 0 4320 11247 12 4320 16495 15 -1
96 -1 -1 -1 0 24480 30028 11 5
97 3 8640 17403 1 15499 17403 28 -1
98 11 17280 23961 5 21049 40119 1 -1
99 -1 -1 -1 1 8640 18752 3 4
100 -1 -1 -1 1 23040 34472 15 4
101 -1 -1 -1 7 5760 15057 7 1
102 7 15840 17280 11 15840 25182 6 -1
103 3 10080 15199 10 10080 25222 2 -1
104 2 10080 14347 0 10080 17234 9 -1
105 6 8640 12006 9 8640 22999 2 -1
106 -1 -1 -1 7 5760 16622 3 9
107 2 8640 11595 4 8640 19210 10 -1
108 0 1440 11170 10 5112 16588 19 -1
109 3 15840 24849 6 21007 24849 14 -1
110 5 7200 24313 3 17562 32105 6 -1
111 11 17280 24125 0 20654 31653 13 -1
112 2 18720 25565 11 18720 36996 10 -1
113 10 7200 15152 3 7200 22220 14 -1
114 5 27360 28800 -1 -1 -1 9 -1
115 0 1440 5523 7 1440 17894 7 -1
116 12 7200 13791 4 13235 20831 2 -1
117 10 4320 9567 4 4500 14696 2 -1
118 -1 -1 -1 9 10080 13225 1 7
119 1 0 8552 10 2833 19615 5 -1
120 6 4320 15147 1 6374 15453 6 -1
121 1 4320 18269 11 11560 18269 12 -1
122 4 21600 28277 -1 -1 -1 11 -1
123 5 15840 22004 4 19536 22004 14 -1
124 2 14400 16876 10 14400 17140 16 -1
125 1 12960 23387 9 16962 32339 3 -1
126 -1 -1 -1 6 18720 27164 7 2
127 -1 -1 -1 10 14400 19516 15 8
128 5 0 6712 4 0 12010 8 -1
129 7 1440 10974 0 3944 20356 1 -1
130 -1 -1 -1 0 10080 21256 11 4
131 -1 -1 -1 9 21600 36218 13 5
132 6 10080 11520 7 10080 24947 13 -1
133 12 11520 19130 7 11520 21813 1 -1
134 9 5760 9713 7 5760 13933 11 -1
135 8 27360 28800 -1 -1 -1 1 -1
136 3 7200 15216 5 10659 28678 28 -1
137 12 7200 8640 8 7200 19504 1 -1
138 -1 -1 -1 6 5760 17853 32 9
139 3 23040 24480 8 23040 34786 12 -1
140 -1 -1 -1 11 10080 18207 23 6
141 -1 -1 -1 9 20160 26140 18 8
142 7 10080 16463 11 10382 16463 9 -1
143 0 14400 20921 5 15665 26982 8 -1
144 6 20160 27946 -1 -1 -1 5 -1
145 7 8640 12116 8 8640 15653 18 -1
146 4 14400 22432 10 17086 35165 8 -1
147 7 8640 10080 4 8640 15258 14 -1
148 -1 -1 -1 1 5760 7505 1 4
149 -1 -1 -1 0 10080 21269 1 2
#Distance_Matrix [row=from col=to] (given in meters)
0	64100	64700	59000	68800	198000	190300	53600	54000	70000	189700	174900	68200	64700	
64100	0	10900	6200	6800	135700	131800	14800	10400	5900	131300	116400	13500	10900	
64700	10900	0	5800	4100	135700	125600	15100	11000	6000	125000	110200	17300	0	
59000	6200	5800	0	9800	141400	131300	9300	5300	11700	130800	116000	11600	5800	
68800	6800	4100	9800	0	131600	125000	19100	15100	1900	124500	109600	20300	4100	
198000	135700	135700	141400	131600	0	233000	144400	146100	129800	232500	217700	149200	135700	
190300	131800	125600	131300	125000	233000	0	140600	136600	126700	2500	26200	142900	125600	
53600	14800	15100	9300	19100	144400	140600	0	4400	20700	140100	125300	16600	15100	
54000	10400	11000	5300	15100	146100	136600	4400	0	16300	136000	121200	15300	11000	
70000	5900	6000	11700	1900	129800	126700	20700	16300	0	126100	111300	19400	6000	
189700	131300	125000	130800	124500	232500	2500	140100	136000	126100	0	25600	142300	125000	
174900	116400	110200	116000	109600	217700	26200	125300	121200	111300	25600	0	127500	110200	
68200	13500	17300	11600	20300	149200	142900	16600	15300	19400	142300	127500	0	17300	
64700	10900	0	5800	4100	135700	125600	15100	11000	6000	125000	110200	17300	0	
