##Problem_info
speed(meters/minute): 333
coupling_time: 15
decoupling_time: 15
body_capacity: 100
max_bodies: 4
total_number_of_nodes: 14
total_number_of_vessels: 5
total_number_of_bodies: 10
total_number_of_requests: 200
unscheduled_cost_coefficient: 10000
service_time: 2
##Nodes [id is_swap_location]   (-2 is only swap location/transfer | 1 is customer that allow a body to be dropped)
0 1
1 1
2 1
3 1
4 1
5 1
6 1
7 1
8 1
9 1
10 1
11 1
12 1
13 -2
##Vessel [id start_location start_time]
0 13 0
1 11 28
2 10 57
3 9 95
4 8 7
##Bodies [id attached_to_vessel start_location]  (if -1 for attached_to_vessel: body starts detached)
0 0 13
1 2 10
2 3 9
3 1 11
4 4 8
5 1 11
6 3 9
7 4 8
8 3 9
9 1 11
##Requests [id pickup_location_id pickup_from pickup_to delivery_location_id delivery_from delivery_to num_containers at_body_id]
0 -1 -1 -1 3 18720 30174 16 3
1 10 15840 18735 2 17039 18735 10 -1
2 -1 -1 -1 8 15840 23793 1 8
3 3 15840 26443 8 19818 35134 14 -1
4 4 12960 14400 8 14656 27925 3 -1
5 6 11520 19804 10 19079 24632 1 -1
6 8 11520 14180 6 11520 32520 3 -1
7 -1 -1 -1 10 11520 18787 10 4
8 8 14400 15840 1 14400 25486 7 -1
9 2 2880 6750 11 2880 11486 7 -1
10 -1 -1 -1 4 4320 16078 19 8
11 4 15840 26924 10 19994 34559 7 -1
12 10 7200 16095 0 13406 16095 16 -1
13 -1 -1 -1 4 7200 20536 13 7
14 12 0 12549 4 9592 16325 6 -1
15 5 12960 21474 2 17368 26542 1 -1
16 5 5760 18384 7 13342 26110 24 -1
17 7 7200 21301 12 24009 38220 17 -1
18 12 20160 24657 5 20160 34047 19 -1
19 8 8640 10080 11 8640 18278 7 -1
20 10 15840 23441 0 19130 29346 11 -1
21 -1 -1 -1 4 4320 11771 4 0
22 11 15840 27530 -1 -1 -1 5 -1
23 1 24480 28577 -1 -1 -1 3 -1
24 6 2880 4320 2 2880 12509 9 -1
25 12 12960 21770 3 18712 29578 9 -1
26 6 14400 20797 12 14400 22181 1 -1
27 1 0 6527 9 5354 22166 2 -1
28 11 14400 26497 1 25890 33579 17 -1
29 -1 -1 -1 9 20160 32050 26 6
30 4 5760 12488 8 8719 17581 11 -1
31 10 7200 18401 1 7870 18849 3 -1
32 -1 -1 -1 9 18720 25310 16 7
33 12 17280 25094 2 20807 33143 27 -1
34 -1 -1 -1 11 11520 22792 26 5
35 -1 -1 -1 10 7200 26470 8 2
36 -1 -1 -1 3 4320 10233 35 9
37 3 7200 13347 7 7200 20547 6 -1
38 1 8640 10720 10 8640 28272 5 -1
39 2 2880 8168 1 6728 8168 11 -1
40 5 15840 24533 4 17990 30274 12 -1
41 6 12960 19187 5 12960 22030 17 -1
42 6 15840 22445 10 17735 22445 1 -1
43 11 11520 24616 2 22994 28198 4 -1
44 1 2880 7100 2 3854 7100 10 -1
45 5 8640 10080 0 8640 24300 13 -1
46 -1 -1 -1 9 0 2673 4 1
47 5 2880 13540 12 6254 18645 35 -1
48 6 17280 26877 5 21178 33861 7 -1
49 9 8640 18129 8 17369 36044 6 -1
50 6 12960 20652 9 19811 22884 15 -1
51 2 12960 17953 8 14217 21186 11 -1
52 7 12960 24794 6 19839 30029 8 -1
53 -1 -1 -1 3 18720 26163 3 4
54 -1 -1 -1 0 4320 11716 3 3
55 1 15840 22449 11 17050 22686 1 -1
56 10 14400 17693 4 14400 22485 25 -1
57 10 0 8330 12 4549 8330 1 -1
58 -1 -1 -1 5 12960 16276 20 6
59 5 20160 27999 -1 -1 -1 11 -1
60 1 1440 6191 3 1440 8357 7 -1
61 -1 -1 -1 10 2880 16544 3 7
62 7 0 7197 4 0 8383 10 -1
63 11 4320 13087 8 7462 13087 1 -1
64 -1 -1 -1 10 8640 21774 7 1
65 11 0 12562 1 4991 25991 13 -1
66 12 18720 21294 11 18720 34910 18 -1
67 7 17280 18729 2 17280 20848 15 -1
68 -1 -1 -1 2 10080 22585 11 7
69 11 5760 16191 1 8130 18649 6 -1
70 2 20160 26900 5 22526 30666 17 -1
71 -1 -1 -1 9 18720 30297 8 4
72 7 20160 22423 6 22803 31312 26 -1
73 -1 -1 -1 4 12960 20372 7 3
74 5 14400 17586 10 16636 30117 8 -1
75 12 8640 15117 5 9177 24181 2 -1
76 9 11520 15441 5 14403 19048 2 -1
77 7 5760 7985 10 5760 16778 2 -1
78 7 21600 25957 9 22605 33851 3 -1
79 6 20160 27829 -1 -1 -1 11 -1
80 7 0 15031 0 13085 15031 6 -1
81 4 20160 27438 -1 -1 -1 15 -1
82 7 18720 22131 3 19553 27483 8 -1
83 1 7200 13234 10 7845 21720 1 -1
84 8 14400 27186 9 21328 27186 4 -1
85 4 2880 19517 10 15413 27693 11 -1
86 4 8640 18153 6 14900 23520 15 -1
87 7 24480 26894 11 24480 37001 6 -1
88 8 0 14612 0 10257 16887 1 -1
89 5 7200 8640 6 7200 20176 12 -1
90 9 1440 13465 6 10657 21076 4 -1
91 8 5760 22501 11 18373 36444 4 -1
92 4 1440 8867 1 7129 9722 20 -1
93 11 12960 20494 6 19520 30038 19 -1
94 9 2880 9809 10 3032 9809 20 -1
95 2 15840 20992 8 15840 21726 14 -1
96 -1 -1 -1 11 7200 16289 26 1
97 1 14400 17833 3 16325 24036 3 -1
98 -1 -1 -1 2 14400 28871 1 6
99 -1 -1 -1 6 2880 13587 15 8
100 9 7200 12384 0 7200 19122 12 -1
101 0 0 3347 6 0 10359 7 -1
102 9 2880 10259 0 6037 21067 10 -1
103 11 20160 24668 1 20160 24834 26 -1
104 11 11520 23605 3 19397 23605 16 -1
105 6 8640 19247 3 14573 24844 18 -1
106 12 8640 13534 11 12027 26480 17 -1
107 10 11520 21989 3 18311 27770 1 -1
108 11 14400 19219 8 14400 24039 11 -1
109 0 1440 10167 5 2253 11434 1 -1
110 12 4320 13498 7 8613 20675 18 -1
111 -1 -1 -1 10 14400 28028 6 9
112 -1 -1 -1 12 0 13858 1 6
113 11 20160 21889 4 20160 27909 12 -1
114 8 2880 6906 6 3143 10582 1 -1
115 7 1440 3156 9 1440 11486 1 -1
116 2 23040 28367 -1 -1 -1 8 -1
117 9 5760 24016 0 20784 27369 7 -1
118 6 14400 21663 3 20223 21663 16 -1
119 1 1440 7252 5 3154 15630 10 -1
120 4 15840 19695 8 15840 24372 5 -1
121 -1 -1 -1 9 20160 26857 9 1
122 12 20160 23484 1 20387 23484 8 -1
123 -1 -1 -1 2 8640 16499 4 8
124 -1 -1 -1 11 7200 14091 11 0
125 5 0 18071 4 16631 18071 20 -1
126 1 0 10780 11 5653 21427 27 -1
127 6 0 13225 1 3511 13225 5 -1
128 8 2880 6264 5 2880 11303 21 -1
129 -1 -1 -1 6 7200 11476 20 0
130 5 17280 25176 11 20509 39171 7 -1
131 -1 -1 -1 3 0 11289 1 9
132 10 14400 17073 9 15195 32816 8 -1
133 10 12960 21477 4 17030 29691 9 -1
134 1 0 2082 10 304 17231 12 -1
135 4 4320 6239 3 4320 18853 4 -1
136 2 2880 9095 9 2880 16047 28 -1
137 12 12960 16329 8 12960 32982 14 -1
138 0 11520 20838 4 17486 38486 15 -1
139 10 7200 14359 6 8039 23480 10 -1
140 4 10080 20564 9 15959 26724 20 -1
141 -1 -1 -1 7 0 8875 11 6
142 10 14400 20715 4 20204 33277 22 -1
143 8 14400 18136 7 14400 23038 14 -1
144 0 5760 15166 12 9763 16083 26 -1
145 5 4320 9778 8 4320 13318 5 -1
146 -1 -1 -1 6 0 6840 6 0
147 0 14400 23499 12 17511 25259 7 -1
148 5 14400 24488 12 19621 24488 4 -1
149 7 2880 9698 3 2880 10160 3 -1
150 -1 -1 -1 5 7200 11468 18 4
151 11 11520 21298 2 15222 25334 10 -1
152 8 10080 26176 7 22224 33795 12 -1
153 9 21600 28693 -1 -1 -1 29 -1
154 1 12960 22762 2 16941 22762 12 -1
155 11 5760 14103 10 9948 15464 5 -1
156 7 2880 7979 3 2880 8734 2 -1
157 11 1440 12008 2 10609 19691 11 -1
158 3 12960 23915 5 17220 33878 12 -1
159 3 25920 27389 -1 -1 -1 3 -1
160 12 11520 23982 3 21393 30130 16 -1
161 3 20160 25993 7 21403 33828 11 -1
162 11 8640 15065 1 12404 23072 32 -1
163 -1 -1 -1 7 8640 18823 27 7
164 12 8640 14729 10 8640 21433 8 -1
165 -1 -1 -1 6 7200 14039 7 8
166 9 1440 13795 6 10293 25472 2 -1
167 -1 -1 -1 8 20160 28383 14 1
168 -1 -1 -1 0 15840 30582 23 0
169 12 1440 10109 3 5409 14874 5 -1
170 2 15840 19688 12 15840 25295 1 -1
171 4 7200 26242 12 21709 36486 1 -1
172 6 0 7652 7 3183 13437 20 -1
173 11 0 9599 9 1741 11774 3 -1
174 -1 -1 -1 11 14400 29172 1 8
175 12 11520 20587 5 17885 31130 7 -1
176 4 10080 18290 5 13205 18290 2 -1
177 6 18720 20750 2 18720 24719 3 -1
178 1 12960 23463 12 18538 28526 17 -1
179 4 5760 8271 9 5760 11203 13 -1
180 10 2880 17282 8 11335 24108 18 -1
181 -1 -1 -1 2 7200 17995 20 9
182 -1 -1 -1 11 7200 13885 11 1
183 8 17280 23994 4 18515 30507 26 -1
184 3 21600 26377 0 21600 31835 9 -1
185 -1 -1 -1 4 11520 18265 13 9
186 -1 -1 -1 12 10080 11643 12 9
187 -1 -1 -1 9 21600 32859 16 0
188 0 7200 16751 12 16055 24050 2 -1
189 -1 -1 -1 5 15840 27747 7 2
190 -1 -1 -1 6 0 9119 15 6
191 -1 -1 -1 10 1440 5057 7 9
192 -1 -1 -1 12 1440 8156 5 6
193 -1 -1 -1 8 17280 20243 12 6
194 -1 -1 -1 0 7200 12438 3 5
195 7 17280 24199 2 22368 33312 4 -1
196 5 2880 16557 9 8640 21918 12 -1
197 9 14400 16421 8 14400 22696 3 -1
198 -1 -1 -1 4 11520 22581 1 2
199 -1 -1 -1 0 4320 16387 16 2
#Distance_Matrix [row=from col=to] (given in meters)
0	64100	64700	59000	68800	198000	190300	53600	54000	70000	189700	174900	68200	64700	
64100	0	10900	6200	6800	135700	131800	14800	10400	5900	131300	116400	13500	10900	
64700	10900	0	5800	4100	135700	125600	15100	11000	6000	125000	110200	17300	0	
59000	6200	5800	0	9800	141400	131300	9300	5300	11700	130800	116000	11600	5800	
68800	6800	4100	9800	0	131600	125000	19100	15100	1900	124500	109600	20300	4100	
198000	135700	135700	141400	131600	0	233000	144400	146100	129800	232500	217700	149200	135700	
190300	131800	125600	131300	125000	233000	0	140600	136600	126700	2500	26200	142900	125600	
53600	14800	15100	9300	19100	144400	140600	0	4400	20700	140100	125300	16600	15100	
54000	10400	11000	5300	15100	146100	136600	4400	0	16300	136000	121200	15300	11000	
70000	5900	6000	11700	1900	129800	126700	20700	16300	0	126100	111300	19400	6000	
189700	131300	125000	130800	124500	232500	2500	140100	136000	126100	0	25600	142300	125000	
174900	116400	110200	116000	109600	217700	26200	125300	121200	111300	25600	0	127500	110200	
68200	13500	17300	11600	20300	149200	142900	16600	15300	19400	142300	127500	0	17300	
64700	10900	0	5800	4100	135700	125600	15100	11000	6000	125000	110200	17300	0	
