##Problem_info
speed(meters/minute): 333
coupling_time: 15
decoupling_time: 15
body_capacity: 100
max_bodies: 4
total_number_of_nodes: 14
total_number_of_vessels: 5
total_number_of_bodies: 10
total_number_of_requests: 200
unscheduled_cost_coefficient: 10000
service_time: 2
##Nodes [id is_swap_location]   (-2 is only swap location/transfer | 1 is customer that allow a body to be dropped)
0 1
1 1
2 1
3 1
4 1
5 1
6 1
7 1
8 1
9 1
10 1
11 1
12 1
13 -2
##Vessel [id start_location start_time]
0 6 38
1 2 6
2 0 31
3 13 9
4 11 13
##Bodies [id attached_to_vessel start_location]  (if -1 for attached_to_vessel: body starts detached)
0 1 2
1 4 11
2 0 6
3 2 0
4 3 13
5 4 11
6 2 0
7 3 13
8 4 11
9 0 6
##Requests [id pickup_location_id pickup_from pickup_to delivery_location_id delivery_from delivery_to num_containers at_body_id]
0 -1 -1 -1 9 24480 33862 14 2
1 6 8640 20331 3 14814 28279 1 -1
2 10 23040 27041 4 23040 35053 22 -1
3 4 14400 22040 6 17571 26511 7 -1
4 4 0 7941 0 3304 12385 2 -1
5 -1 -1 -1 1 12960 22010 19 4
6 -1 -1 -1 1 0 10303 11 8
7 9 15840 25069 12 21435 39458 21 -1
8 9 1440 5031 8 1440 19394 3 -1
9 5 21600 28314 -1 -1 -1 12 -1
10 2 20160 26725 7 23522 36238 1 -1
11 2 21600 24993 4 23494 26057 14 -1
12 9 2880 13840 2 10361 17800 5 -1
13 -1 -1 -1 2 10080 18831 19 2
14 8 7200 8640 10 7200 16178 2 -1
15 0 0 12429 12 10559 19516 1 -1
16 8 7200 10579 11 7200 12170 15 -1
17 -1 -1 -1 10 12960 33335 9 5
18 -1 -1 -1 0 18720 30380 2 9
19 0 18720 25368 8 22794 32860 2 -1
20 6 15840 20298 0 15840 28069 19 -1
21 12 2880 10392 5 7589 21160 9 -1
22 0 14400 22672 5 18237 26943 7 -1
23 -1 -1 -1 3 10080 25085 8 6
24 -1 -1 -1 0 11520 29303 12 3
25 -1 -1 -1 6 0 8282 29 7
26 7 12960 21375 6 18400 25310 3 -1
27 3 5760 15182 1 13742 15182 3 -1
28 8 5760 17430 11 7359 17430 4 -1
29 1 8640 17369 5 8640 21413 2 -1
30 9 20160 27309 8 20763 30714 8 -1
31 9 4320 10499 11 8016 19747 23 -1
32 10 8640 15366 7 9036 15366 19 -1
33 3 20160 25909 2 20160 35433 18 -1
34 9 2880 10973 11 10779 15155 14 -1
35 10 21600 24502 1 21600 29811 16 -1
36 8 17280 28134 -1 -1 -1 21 -1
37 -1 -1 -1 5 21600 37071 1 0
38 3 4320 13916 7 12690 16249 5 -1
39 4 14400 22990 2 17344 26731 7 -1
40 -1 -1 -1 0 14400 28433 16 7
41 -1 -1 -1 12 1440 6387 8 6
42 1 7200 17297 8 15809 18523 16 -1
43 11 12960 24306 6 18697 28053 28 -1
44 5 10080 15192 2 13945 34388 19 -1
45 -1 -1 -1 8 20160 27167 12 9
46 3 0 10554 5 1122 16943 20 -1
47 10 0 5458 12 2248 9611 5 -1
48 2 0 3960 11 2068 13101 3 -1
49 1 7200 14192 4 9750 19667 19 -1
50 7 10080 21158 0 21094 31863 16 -1
51 6 24480 27963 -1 -1 -1 5 -1
52 3 14400 23318 12 21565 23318 18 -1
53 -1 -1 -1 2 10080 17000 14 1
54 4 12960 16572 12 12960 24152 26 -1
55 10 11520 25310 6 21955 25310 11 -1
56 8 5760 20409 2 15031 20409 2 -1
57 3 4320 9713 11 4320 14690 18 -1
58 8 21600 25022 0 24107 27022 1 -1
59 11 10080 24944 6 19604 30208 9 -1
60 10 1440 2880 1 1440 18658 7 -1
61 10 8640 23546 4 15634 23546 3 -1
62 1 14400 21774 2 20068 30454 18 -1
63 1 1440 7870 0 1440 16022 1 -1
64 6 12960 14400 5 12960 20194 13 -1
65 7 0 5955 6 0 12946 13 -1
66 0 1440 10275 7 12187 22999 8 -1
67 2 15840 20118 1 15840 27635 5 -1
68 8 4320 7757 9 4320 22505 22 -1
69 2 12960 19258 7 13283 19258 3 -1
70 1 21600 26088 3 21600 26773 13 -1
71 7 17280 27330 1 21731 28130 14 -1
72 10 24480 27762 -1 -1 -1 4 -1
73 12 18720 24029 6 22068 26758 13 -1
74 -1 -1 -1 6 5760 12619 6 2
75 -1 -1 -1 11 0 3340 7 5
76 3 14400 21264 9 16757 21509 8 -1
77 10 17280 27160 3 20607 28409 13 -1
78 -1 -1 -1 2 24480 39946 3 3
79 7 2880 15777 10 9094 16895 5 -1
80 -1 -1 -1 0 10080 12856 6 1
81 8 5760 7232 10 5760 10424 14 -1
82 5 14400 27447 -1 -1 -1 15 -1
83 2 20160 25596 5 20160 32052 5 -1
84 -1 -1 -1 9 11520 25712 22 3
85 0 15840 18108 7 15840 30373 6 -1
86 3 18720 21155 8 18720 25840 11 -1
87 9 20160 24714 2 22909 29884 1 -1
88 10 20160 24894 5 21773 26319 2 -1
89 -1 -1 -1 8 4320 15365 8 4
90 1 15840 27769 -1 -1 -1 10 -1
91 6 14400 22292 8 18755 29184 7 -1
92 7 11520 20584 8 16039 24681 26 -1
93 -1 -1 -1 6 18720 29428 18 0
94 1 7200 17687 4 15259 26576 25 -1
95 9 12960 28257 -1 -1 -1 15 -1
96 0 8640 16671 9 11211 29757 12 -1
97 2 2880 14624 5 8619 18010 10 -1
98 10 25920 27360 0 27169 33432 8 -1
99 0 1440 12846 3 8406 12846 6 -1
100 1 10080 25385 8 21449 25385 2 -1
101 -1 -1 -1 6 27360 39127 4 5
102 3 8640 19065 0 14485 19065 8 -1
103 3 15840 22036 2 17817 24313 5 -1
104 8 10080 22076 7 16410 31276 17 -1
105 -1 -1 -1 12 7200 16881 1 4
106 8 20160 28466 -1 -1 -1 20 -1
107 4 15840 17953 9 15840 23026 6 -1
108 1 23040 27720 -1 -1 -1 3 -1
109 6 15840 26724 5 20015 31341 12 -1
110 -1 -1 -1 1 8640 26272 8 5
111 1 17280 21479 8 17280 30206 13 -1
112 2 5760 10046 1 6578 10046 10 -1
113 9 2880 11737 7 8474 20351 14 -1
114 8 23040 24544 0 23040 39447 4 -1
115 -1 -1 -1 10 4320 10311 15 6
116 -1 -1 -1 12 11520 24077 1 3
117 6 4320 13504 10 6949 16514 18 -1
118 3 23040 26963 10 23040 34622 5 -1
119 1 12960 17694 0 13316 23120 16 -1
120 -1 -1 -1 4 5760 9472 19 8
121 3 8640 14491 9 8640 15282 11 -1
122 7 2880 7008 12 2880 8439 15 -1
123 1 2880 16641 2 15144 29894 3 -1
124 -1 -1 -1 5 15840 27078 1 7
125 6 0 8742 9 1849 14360 9 -1
126 -1 -1 -1 12 10080 19235 13 8
127 1 21600 23962 4 21600 38623 19 -1
128 10 14400 23659 3 15800 24946 17 -1
129 9 21600 23040 3 21600 27989 18 -1
130 6 10080 11520 1 10080 17933 13 -1
131 3 24480 27885 -1 -1 -1 14 -1
132 12 5760 12245 1 8585 16863 12 -1
133 8 7200 9597 11 7200 20005 9 -1
134 -1 -1 -1 11 4320 16843 2 8
135 2 18720 24010 9 18720 30003 8 -1
136 7 11520 20586 0 18551 33789 1 -1
137 7 1440 2880 8 1440 13431 32 -1
138 -1 -1 -1 11 2880 12129 10 6
139 4 2880 9557 2 7290 15287 6 -1
140 -1 -1 -1 6 11520 21357 2 5
141 5 12960 17341 2 14543 21760 19 -1
142 4 20160 27448 -1 -1 -1 27 -1
143 4 0 10376 1 1587 10376 12 -1
144 9 4320 13643 5 8468 13643 1 -1
145 7 5760 12839 8 8950 27798 20 -1
146 -1 -1 -1 11 21600 34439 4 3
147 5 12960 16711 0 12960 22515 24 -1
148 1 17280 21180 4 20455 30904 23 -1
149 -1 -1 -1 9 17280 21698 3 8
150 -1 -1 -1 6 8640 17474 12 4
151 6 23040 26168 7 23040 31134 7 -1
152 3 11520 18428 11 14455 18428 3 -1
153 8 5760 15136 11 10150 24117 6 -1
154 11 18720 26550 2 20836 26550 12 -1
155 6 14400 17485 0 14433 20066 16 -1
156 -1 -1 -1 2 0 4081 9 0
157 1 15840 18868 5 15840 28008 13 -1
158 5 7200 12479 11 7200 14819 14 -1
159 11 15840 17280 6 15840 17280 7 -1
160 3 4320 17303 5 13385 20446 1 -1
161 5 10080 20018 2 15335 34379 18 -1
162 -1 -1 -1 3 14400 26793 1 1
163 -1 -1 -1 1 1440 17091 25 8
164 12 14400 23903 5 26691 39643 20 -1
165 6 7200 8640 10 7200 17212 1 -1
166 -1 -1 -1 2 0 5422 8 7
167 3 7200 18221 9 16692 33119 14 -1
168 6 5760 14693 10 7818 14693 9 -1
169 8 7200 13507 9 7200 15978 1 -1
170 -1 -1 -1 9 1440 2880 6 8
171 0 7200 15955 7 13192 20238 18 -1
172 9 14400 19079 3 19296 40228 4 -1
173 6 15840 24121 12 19899 32449 18 -1
174 1 20160 24352 4 20160 29373 5 -1
175 4 11520 16094 2 12752 20763 8 -1
176 9 1440 9206 8 6534 19006 3 -1
177 -1 -1 -1 9 0 7288 22 3
178 8 4320 10725 9 4320 16869 11 -1
179 5 18720 27627 -1 -1 -1 4 -1
180 10 7200 16981 11 11871 20733 1 -1
181 -1 -1 -1 7 4320 21253 13 7
182 4 12960 26190 3 27480 34047 1 -1
183 -1 -1 -1 10 10080 27030 14 0
184 8 17280 21783 1 17280 28387 8 -1
185 5 0 9605 6 2917 23858 13 -1
186 -1 -1 -1 11 0 10670 12 8
187 -1 -1 -1 9 5760 18923 2 2
188 12 0 9707 6 11029 16710 18 -1
189 -1 -1 -1 12 18720 27006 21 1
190 0 10080 20876 3 19436 20876 14 -1
191 9 15840 25813 3 23435 28408 10 -1
192 8 24480 27844 -1 -1 -1 23 -1
193 12 12960 21256 9 19751 30879 15 -1
194 -1 -1 -1 0 11520 21473 1 1
195 11 7200 19358 5 11338 19358 10 -1
196 9 2880 13218 7 7987 21229 10 -1
197 10 20160 27154 0 26848 40291 19 -1
198 2 2880 11901 10 12430 26041 29 -1
199 4 14400 20557 9 14400 35400 14 -1
#Distance_Matrix [row=from col=to] (given in meters)
0	64100	64700	59000	68800	198000	190300	53600	54000	70000	189700	174900	68200	64700	
64100	0	10900	6200	6800	135700	131800	14800	10400	5900	131300	116400	13500	10900	
64700	10900	0	5800	4100	135700	125600	15100	11000	6000	125000	110200	17300	0	
59000	6200	5800	0	9800	141400	131300	9300	5300	11700	130800	116000	11600	5800	
68800	6800	4100	9800	0	131600	125000	19100	15100	1900	124500	109600	20300	4100	
198000	135700	135700	141400	131600	0	233000	144400	146100	129800	232500	217700	149200	135700	
190300	131800	125600	131300	125000	233000	0	140600	136600	126700	2500	26200	142900	125600	
53600	14800	15100	9300	19100	144400	140600	0	4400	20700	140100	125300	16600	15100	
54000	10400	11000	5300	15100	146100	136600	4400	0	16300	136000	121200	15300	11000	
70000	5900	6000	11700	1900	129800	126700	20700	16300	0	126100	111300	19400	6000	
189700	131300	125000	130800	124500	232500	2500	140100	136000	126100	0	25600	142300	125000	
174900	116400	110200	116000	109600	217700	26200	125300	121200	111300	25600	0	127500	110200	
68200	13500	17300	11600	20300	149200	142900	16600	15300	19400	142300	127500	0	17300	
64700	10900	0	5800	4100	135700	125600	15100	11000	6000	125000	110200	17300	0	
