##Problem_info
speed(meters/minute): 333
coupling_time: 15
decoupling_time: 15
body_capacity: 100
max_bodies: 4
total_number_of_nodes: 14
total_number_of_vessels: 5
total_number_of_bodies: 10
total_number_of_requests: 200
unscheduled_cost_coefficient: 10000
service_time: 2
##Nodes [id is_swap_location]   (-2 is only swap location/transfer | 1 is customer that allow a body to be dropped)
0 1
1 1
2 1
3 1
4 1
5 1
6 1
7 1
8 1
9 1
10 1
11 1
12 1
13 -2
##Vessel [id start_location start_time]
0 6 91
1 5 10
2 3 17
3 2 11
4 1 24
##Bodies [id attached_to_vessel start_location]  (if -1 for attached_to_vessel: body starts detached)
0 0 6
1 3 2
2 2 3
3 4 1
4 1 5
5 1 5
6 0 6
7 0 6
8 2 3
9 3 2
##Requests [id pickup_location_id pickup_from pickup_to delivery_location_id delivery_from delivery_to num_containers at_body_id]
0 2 4320 14000 8 7143 20470 1 -1
1 7 14400 21764 3 16318 21764 4 -1
2 6 11520 20414 12 17587 33041 7 -1
3 5 18720 22813 2 21810 31602 7 -1
4 9 14400 22396 8 16660 24904 5 -1
5 3 10080 23243 6 18207 29184 3 -1
6 10 0 11429 8 12019 25826 9 -1
7 12 10080 17782 5 10080 19295 6 -1
8 10 11520 16996 9 13819 32067 1 -1
9 1 14400 25918 12 19225 25918 21 -1
10 2 2880 9685 8 4438 13569 1 -1
11 8 25920 28296 -1 -1 -1 21 -1
12 -1 -1 -1 2 10080 25134 5 7
13 10 7200 14781 12 14590 22318 1 -1
14 2 1440 5248 0 1440 12278 5 -1
15 10 21600 28304 -1 -1 -1 1 -1
16 -1 -1 -1 4 11520 23449 3 3
17 3 21600 23040 12 21600 27436 6 -1
18 10 11520 21176 8 21575 36305 3 -1
19 1 0 13497 2 4763 20535 3 -1
20 12 10080 16417 11 10080 21093 5 -1
21 6 18720 20160 7 18720 28376 24 -1
22 0 20160 25503 5 20160 28227 1 -1
23 9 15840 20174 0 15840 25500 25 -1
24 10 0 6400 8 0 10250 25 -1
25 9 14400 19887 1 20310 36682 18 -1
26 9 0 8531 6 3285 24285 8 -1
27 -1 -1 -1 2 5760 13324 22 6
28 5 12960 21391 10 16114 28550 15 -1
29 2 14400 23124 6 16523 29583 6 -1
30 -1 -1 -1 8 10080 24972 15 1
31 -1 -1 -1 7 2880 16537 20 4
32 11 4320 14530 4 7599 24061 1 -1
33 9 14400 16993 3 14400 25007 26 -1
34 4 14400 21632 9 14400 23245 16 -1
35 5 5760 15814 11 11717 15814 14 -1
36 10 11520 15740 7 16955 27460 24 -1
37 -1 -1 -1 10 0 12062 10 7
38 9 10080 16886 2 15736 20217 3 -1
39 4 4320 5976 7 4320 20593 1 -1
40 2 2880 6539 1 2880 15812 2 -1
41 1 2880 7131 10 2880 14934 1 -1
42 0 1440 8794 7 6008 8794 16 -1
43 1 5760 8688 0 5760 24328 17 -1
44 6 8640 21018 7 19339 34340 27 -1
45 6 5760 16981 7 12740 21930 1 -1
46 4 2880 13862 9 7440 15240 30 -1
47 3 2880 7842 12 2880 11708 21 -1
48 3 8640 17160 11 8640 19256 1 -1
49 -1 -1 -1 11 11520 19283 22 0
50 9 7200 14070 5 7200 17722 14 -1
51 -1 -1 -1 12 7200 24416 1 5
52 0 2880 13791 5 10000 13791 5 -1
53 2 0 6301 5 218 6301 5 -1
54 3 15840 23332 7 15905 23332 6 -1
55 4 11520 12960 2 11520 20407 12 -1
56 9 2880 4320 1 2880 11323 3 -1
57 0 2880 13361 1 9057 16293 17 -1
58 -1 -1 -1 4 15840 29890 3 4
59 11 4320 13983 4 8460 23463 12 -1
60 3 14400 17703 10 14400 19632 8 -1
61 5 15840 17280 9 15840 27912 23 -1
62 5 15840 22870 6 16187 24936 6 -1
63 4 12960 22868 5 17687 26302 10 -1
64 -1 -1 -1 7 14400 30277 2 3
65 11 0 11837 7 2273 13811 1 -1
66 3 1440 6514 7 1630 17515 4 -1
67 3 5760 15969 11 14529 15969 1 -1
68 -1 -1 -1 11 1440 9047 2 5
69 2 0 9895 10 7185 21723 3 -1
70 -1 -1 -1 0 5760 16070 9 0
71 -1 -1 -1 5 11520 19811 8 0
72 5 15840 17280 7 15840 28280 1 -1
73 -1 -1 -1 2 12960 25772 1 7
74 9 23040 24480 2 23040 35759 8 -1
75 11 20160 22427 5 20942 29297 8 -1
76 11 0 9728 2 2912 23912 8 -1
77 3 2880 9855 4 4274 17381 14 -1
78 1 2880 4320 12 2880 19039 1 -1
79 3 4320 13359 5 8203 14867 8 -1
80 -1 -1 -1 6 17280 34283 12 4
81 4 11520 13222 10 11520 32520 7 -1
82 3 24480 25920 1 24480 32575 2 -1
83 0 7200 12018 8 7200 25732 7 -1
84 -1 -1 -1 7 18720 31292 13 4
85 7 4320 9123 0 4320 15843 1 -1
86 0 8640 12871 9 8640 18358 1 -1
87 3 8640 10080 5 8640 20350 2 -1
88 -1 -1 -1 11 14400 23288 9 1
89 -1 -1 -1 9 11520 16378 2 5
90 9 14400 21758 4 20470 22032 15 -1
91 4 10080 24030 0 21146 33245 8 -1
92 5 23040 28605 -1 -1 -1 4 -1
93 9 11520 17228 5 11755 23816 4 -1
94 9 7200 18336 2 14476 32649 11 -1
95 8 10080 25229 11 19545 33043 28 -1
96 -1 -1 -1 0 5760 20102 12 9
97 -1 -1 -1 2 15840 26275 4 6
98 -1 -1 -1 8 2880 10865 5 1
99 5 0 1440 0 0 12051 3 -1
100 1 24480 28784 -1 -1 -1 8 -1
101 6 1440 8888 1 4125 9689 10 -1
102 3 17280 24111 0 17280 24429 6 -1
103 11 14400 28660 -1 -1 -1 1 -1
104 -1 -1 -1 0 1440 11332 19 5
105 -1 -1 -1 12 2880 9040 8 9
106 5 21600 26770 8 28290 35302 1 -1
107 3 10080 19392 5 12160 21941 2 -1
108 1 14400 15840 4 14400 21544 15 -1
109 9 18720 20160 10 18720 34196 6 -1
110 3 25920 27360 4 28611 44426 5 -1
111 1 14400 26638 9 23721 33160 3 -1
112 2 8640 13582 10 8656 24495 2 -1
113 12 2880 6617 8 2880 9189 8 -1
114 12 0 11062 8 7193 17637 1 -1
115 11 7200 20179 12 15425 31331 12 -1
116 10 23040 28218 -1 -1 -1 7 -1
117 9 18720 23190 3 18720 33705 24 -1
118 4 4320 13984 9 9846 16142 8 -1
119 2 8640 16044 5 12856 23416 9 -1
120 1 12960 22539 4 16960 22539 7 -1
121 -1 -1 -1 5 23040 31597 14 3
122 7 0 4443 1 0 8368 1 -1
123 -1 -1 -1 1 0 11546 21 8
124 1 10080 15296 2 10118 15296 1 -1
125 -1 -1 -1 0 1440 14810 22 5
126 -1 -1 -1 7 5760 11791 7 6
127 3 18720 23623 7 19231 25671 7 -1
128 5 15840 27194 4 19377 27194 11 -1
129 0 0 8105 10 4587 8105 15 -1
130 12 14400 20691 3 17129 33065 1 -1
131 0 12960 17771 5 12960 26928 20 -1
132 12 10080 20668 11 14785 27020 12 -1
133 2 20160 24570 7 20160 30425 28 -1
134 8 4320 7050 6 4320 15071 3 -1
135 11 14400 21813 7 18084 27243 9 -1
136 1 2880 4568 7 2880 13372 8 -1
137 3 20160 27779 -1 -1 -1 1 -1
138 9 10080 11520 5 10080 23887 5 -1
139 -1 -1 -1 1 21600 25504 21 3
140 3 15840 27803 -1 -1 -1 7 -1
141 -1 -1 -1 0 11520 14826 5 1
142 1 20160 25706 4 20577 25706 12 -1
143 -1 -1 -1 8 15840 24708 5 4
144 6 10080 23099 9 17514 24487 7 -1
145 7 2880 12134 4 8046 19958 11 -1
146 2 21600 28472 -1 -1 -1 2 -1
147 10 21600 28140 -1 -1 -1 1 -1
148 8 18720 24877 4 20102 38056 6 -1
149 10 14400 23716 3 15266 30722 6 -1
150 -1 -1 -1 5 8640 13403 16 0
151 7 10080 14673 12 10080 20431 11 -1
152 1 11520 21095 10 16757 21095 4 -1
153 2 11520 12960 3 11520 17283 6 -1
154 2 8640 17365 7 11600 24244 7 -1
155 -1 -1 -1 3 2880 11930 5 4
156 -1 -1 -1 7 14400 32287 4 9
157 8 17280 25769 9 18536 26897 11 -1
158 9 2880 11876 11 4688 14927 3 -1
159 2 18720 28797 -1 -1 -1 19 -1
160 5 20160 26723 0 24439 42151 8 -1
161 6 21600 23040 9 21600 27328 20 -1
162 0 18720 20160 3 19857 36586 27 -1
163 11 17280 23402 9 17639 23402 5 -1
164 0 10080 11520 5 11524 25759 17 -1
165 6 5760 14916 9 8953 14916 17 -1
166 12 4320 16945 8 14719 22633 21 -1
167 12 12960 14400 6 15231 33204 5 -1
168 4 15840 27021 5 22248 29217 14 -1
169 -1 -1 -1 6 14400 15885 11 6
170 6 17280 27018 0 18880 30714 10 -1
171 6 10080 15783 11 12163 15783 8 -1
172 -1 -1 -1 7 5760 18577 4 1
173 11 14400 17630 10 16190 17630 11 -1
174 6 1440 14365 4 10773 19621 15 -1
175 -1 -1 -1 4 10080 19612 15 3
176 4 20160 22910 7 22272 33600 8 -1
177 -1 -1 -1 1 5760 12664 9 5
178 -1 -1 -1 12 18720 24961 18 3
179 8 17280 20260 11 17280 28964 24 -1
180 1 11520 17859 5 13680 29510 13 -1
181 2 12960 22108 3 13497 26578 8 -1
182 -1 -1 -1 12 4320 18955 3 8
183 8 15840 26247 3 22076 31316 1 -1
184 8 23040 25988 12 23040 35519 4 -1
185 2 21600 28317 -1 -1 -1 9 -1
186 4 7200 16380 10 14417 27904 22 -1
187 3 15840 21790 12 15905 24310 17 -1
188 0 14400 19456 12 14400 30659 18 -1
189 -1 -1 -1 4 23040 30779 1 6
190 12 14400 20318 0 16665 20318 10 -1
191 11 5760 13705 7 9730 23101 1 -1
192 10 2880 9442 0 4733 9442 2 -1
193 5 4320 17025 0 11382 21419 17 -1
194 2 11520 17807 7 11520 23423 20 -1
195 3 15840 18246 8 15840 27448 16 -1
196 8 21600 23040 3 21600 26905 1 -1
197 8 17280 19281 7 17280 26186 18 -1
198 3 18720 24590 11 22718 40413 1 -1
199 -1 -1 -1 0 5760 17747 1 0
#Distance_Matrix [row=from col=to] (given in meters)
0	64100	64700	59000	68800	198000	190300	53600	54000	70000	189700	174900	68200	64700	
64100	0	10900	6200	6800	135700	131800	14800	10400	5900	131300	116400	13500	10900	
64700	10900	0	5800	4100	135700	125600	15100	11000	6000	125000	110200	17300	0	
59000	6200	5800	0	9800	141400	131300	9300	5300	11700	130800	116000	11600	5800	
68800	6800	4100	9800	0	131600	125000	19100	15100	1900	124500	109600	20300	4100	
198000	135700	135700	141400	131600	0	233000	144400	146100	129800	232500	217700	149200	135700	
190300	131800	125600	131300	125000	233000	0	140600	136600	126700	2500	26200	142900	125600	
53600	14800	15100	9300	19100	144400	140600	0	4400	20700	140100	125300	16600	15100	
54000	10400	11000	5300	15100	146100	136600	4400	0	16300	136000	121200	15300	11000	
70000	5900	6000	11700	1900	129800	126700	20700	16300	0	126100	111300	19400	6000	
189700	131300	125000	130800	124500	232500	2500	140100	136000	126100	0	25600	142300	125000	
174900	116400	110200	116000	109600	217700	26200	125300	121200	111300	25600	0	127500	110200	
68200	13500	17300	11600	20300	149200	142900	16600	15300	19400	142300	127500	0	17300	
64700	10900	0	5800	4100	135700	125600	15100	11000	6000	125000	110200	17300	0	
