##Problem_info
speed(meters/minute): 333
coupling_time: 15
decoupling_time: 15
body_capacity: 100
max_bodies: 4
total_number_of_nodes: 14
total_number_of_vessels: 5
total_number_of_bodies: 10
total_number_of_requests: 250
unscheduled_cost_coefficient: 10000
service_time: 2
##Nodes [id is_swap_location]   (-2 is only swap location/transfer | 1 is customer that allow a body to be dropped)
0 1
1 1
2 1
3 1
4 1
5 1
6 1
7 1
8 1
9 1
10 1
11 1
12 1
13 -2
##Vessel [id start_location start_time]
0 2 36
1 0 24
2 4 71
3 6 204
4 13 1
##Bodies [id attached_to_vessel start_location]  (if -1 for attached_to_vessel: body starts detached)
0 4 13
1 2 4
2 0 2
3 3 6
4 1 0
5 4 13
6 2 4
7 1 0
8 0 2
9 1 0
##Requests [id pickup_location_id pickup_from pickup_to delivery_location_id delivery_from delivery_to num_containers at_body_id]
0 -1 -1 -1 6 2880 17289 5 1
1 10 17280 25440 7 22627 25440 1 -1
2 10 10080 15241 6 10741 22530 3 -1
3 3 5760 13462 12 9511 22244 28 -1
4 10 1440 6820 0 1440 9776 8 -1
5 1 10080 15299 7 10080 25407 9 -1
6 -1 -1 -1 0 10080 15308 1 5
7 6 15840 27127 2 21382 28009 14 -1
8 6 18720 20985 8 18720 27817 23 -1
9 4 14400 20458 10 14400 25181 1 -1
10 3 7200 13114 9 8559 13114 3 -1
11 6 20160 28356 -1 -1 -1 7 -1
12 12 12960 14400 1 12960 19142 10 -1
13 -1 -1 -1 2 1440 12190 13 4
14 -1 -1 -1 11 14400 20127 5 7
15 9 0 4037 5 0 6498 10 -1
16 8 20160 28475 -1 -1 -1 1 -1
17 6 10080 25326 8 19214 26102 2 -1
18 -1 -1 -1 4 21600 39118 3 0
19 7 12960 15096 9 12960 27473 14 -1
20 7 10080 12612 3 10080 24355 16 -1
21 1 11520 16232 8 13463 31686 12 -1
22 3 20160 27716 -1 -1 -1 8 -1
23 11 20160 26562 8 21736 26562 12 -1
24 12 18720 24647 10 18922 34427 12 -1
25 1 0 1440 12 0 4477 15 -1
26 6 12960 17645 5 12960 22320 23 -1
27 11 4320 9671 8 4320 9707 9 -1
28 2 1440 16226 4 9548 25841 9 -1
29 4 18720 20160 5 18720 31777 1 -1
30 1 11520 17480 11 14439 17480 3 -1
31 -1 -1 -1 7 18720 29698 15 7
32 5 0 21000 9 11309 21000 8 -1
33 -1 -1 -1 3 2880 8216 9 3
34 -1 -1 -1 10 12960 21501 3 2
35 6 4320 19448 7 14735 24005 18 -1
36 2 10080 24071 1 20290 27515 18 -1
37 12 2880 11871 7 7387 18531 4 -1
38 1 17280 23902 10 21945 25921 4 -1
39 9 17280 28259 -1 -1 -1 3 -1
40 9 4320 22354 10 18263 30797 5 -1
41 6 18720 23745 10 22571 43571 1 -1
42 8 10080 21748 1 25445 34097 27 -1
43 0 5760 20860 7 18858 27439 14 -1
44 9 8640 10080 10 10250 18673 23 -1
45 -1 -1 -1 12 14400 21872 21 8
46 11 8640 10797 12 8640 13477 33 -1
47 -1 -1 -1 12 14400 15840 1 7
48 10 1440 5865 0 1440 15290 20 -1
49 -1 -1 -1 9 8640 11966 11 2
50 -1 -1 -1 9 7200 14761 6 2
51 3 4320 9845 8 4320 12168 4 -1
52 -1 -1 -1 11 12960 14400 3 5
53 3 14400 23351 4 23664 38190 12 -1
54 8 14400 21835 6 19125 21835 11 -1
55 -1 -1 -1 5 1440 13402 30 5
56 11 12960 16854 12 15414 16854 19 -1
57 4 2880 14686 7 8955 21108 8 -1
58 -1 -1 -1 12 17280 29721 24 8
59 6 14400 22995 9 18884 31206 14 -1
60 -1 -1 -1 10 21600 33561 2 9
61 -1 -1 -1 1 11520 16098 11 4
62 1 14400 20657 7 15638 32894 11 -1
63 12 10080 20041 10 15252 30219 12 -1
64 5 2880 12860 4 9445 12860 7 -1
65 0 5760 7200 9 5835 10177 2 -1
66 5 5760 20915 6 18402 30151 15 -1
67 5 18720 23610 4 20814 25109 9 -1
68 10 0 6630 7 0 12909 4 -1
69 -1 -1 -1 4 4320 21522 4 5
70 8 7200 10507 1 7200 18652 15 -1
71 0 7200 13145 7 7200 14509 15 -1
72 -1 -1 -1 11 21600 25610 1 2
73 4 15840 17280 8 15840 32346 25 -1
74 11 21600 25065 6 21600 34894 11 -1
75 0 7200 16428 3 9042 16469 7 -1
76 11 14400 22703 4 18838 28620 3 -1
77 2 5760 16524 1 15143 31181 27 -1
78 12 21600 28113 -1 -1 -1 5 -1
79 7 14400 15840 0 14400 30701 12 -1
80 -1 -1 -1 5 5760 19273 1 9
81 8 2880 6726 4 2880 15064 2 -1
82 -1 -1 -1 10 12960 18612 4 4
83 10 7200 12869 9 11628 26074 1 -1
84 -1 -1 -1 5 1440 10158 9 4
85 8 4320 19410 11 13031 24717 37 -1
86 9 0 7917 7 972 10387 16 -1
87 -1 -1 -1 12 7200 15546 8 3
88 6 14400 15840 3 14400 24854 36 -1
89 -1 -1 -1 6 4320 20100 12 8
90 -1 -1 -1 0 2880 21877 26 9
91 5 25920 28351 -1 -1 -1 5 -1
92 11 1440 6424 12 1440 14892 12 -1
93 0 2880 10307 3 7416 16046 12 -1
94 4 0 20317 10 17876 23419 1 -1
95 7 2880 16067 10 10108 16067 7 -1
96 6 15840 25180 7 19576 25180 17 -1
97 7 0 7836 0 5655 14293 8 -1
98 10 7200 16793 5 8845 22277 6 -1
99 3 4320 15074 1 7097 15352 6 -1
100 -1 -1 -1 11 24480 38645 9 3
101 -1 -1 -1 8 8640 16554 14 4
102 2 2880 4320 4 2880 16002 3 -1
103 -1 -1 -1 9 5760 14732 9 8
104 -1 -1 -1 10 0 15329 21 8
105 8 15840 18615 2 15840 30359 16 -1
106 12 1440 11887 10 6725 11887 1 -1
107 12 0 5366 5 0 6229 9 -1
108 5 14400 26498 6 23785 34662 1 -1
109 7 7200 14841 1 7200 17849 16 -1
110 12 4320 6269 9 4320 13332 14 -1
111 5 14400 24368 8 20421 33954 4 -1
112 5 12960 20880 10 17485 20880 26 -1
113 9 17280 23355 12 20338 30141 8 -1
114 12 0 4383 6 0 8023 15 -1
115 -1 -1 -1 8 17280 19966 5 9
116 11 12960 22014 12 17440 28129 8 -1
117 -1 -1 -1 9 21600 27663 3 0
118 1 20160 28350 -1 -1 -1 3 -1
119 -1 -1 -1 0 1440 15659 3 5
120 -1 -1 -1 12 5760 11573 5 1
121 3 11520 18954 2 11520 25714 5 -1
122 11 14400 27555 -1 -1 -1 16 -1
123 4 1440 16648 9 10619 25839 15 -1
124 2 15840 22100 6 19135 34148 2 -1
125 12 18720 27602 -1 -1 -1 7 -1
126 -1 -1 -1 2 7200 11685 4 8
127 2 7200 14828 4 8238 14828 17 -1
128 0 1440 14288 7 6966 18706 14 -1
129 8 8640 12926 5 8926 17293 8 -1
130 0 0 8581 3 0 12556 7 -1
131 10 18720 26546 12 20625 26952 4 -1
132 12 15840 21598 2 15840 25526 21 -1
133 -1 -1 -1 8 20160 28966 14 5
134 9 11520 19348 0 20868 33038 4 -1
135 5 5760 12087 6 10344 12087 18 -1
136 9 0 1440 10 0 12463 3 -1
137 12 2880 13099 11 7925 21856 21 -1
138 7 1440 8461 5 2603 23079 14 -1
139 3 5760 18716 4 13243 21312 1 -1
140 8 10080 21570 4 15990 36197 9 -1
141 1 4320 15663 6 11133 21534 24 -1
142 -1 -1 -1 1 21600 30806 9 6
143 -1 -1 -1 2 14400 33883 24 9
144 8 4320 13352 10 8253 15119 18 -1
145 -1 -1 -1 3 11520 23003 2 0
146 3 15840 25025 5 22293 25025 9 -1
147 5 2880 8056 8 2880 19539 9 -1
148 2 18720 28569 -1 -1 -1 23 -1
149 -1 -1 -1 7 8640 10080 3 9
150 9 8640 22869 0 15327 22869 9 -1
151 -1 -1 -1 7 11520 12960 1 1
152 0 10080 14150 7 10665 22120 18 -1
153 -1 -1 -1 3 1440 11631 2 7
154 -1 -1 -1 12 18720 32603 13 4
155 3 25920 27360 6 25920 38990 10 -1
156 -1 -1 -1 5 1440 14115 3 9
157 -1 -1 -1 2 1440 7677 16 9
158 7 4320 9159 4 4320 13540 14 -1
159 2 1440 11100 4 4964 16632 12 -1
160 11 2880 6465 3 2880 10565 6 -1
161 8 2880 6251 10 2880 9745 4 -1
162 5 15840 24052 3 20023 26565 20 -1
163 8 15840 23872 11 19707 34857 20 -1
164 -1 -1 -1 10 10080 19264 26 2
165 4 24480 25920 6 26264 35542 1 -1
166 3 4320 10150 0 8337 19011 6 -1
167 8 8640 10080 5 8640 22901 5 -1
168 7 8640 14766 0 8640 18336 1 -1
169 -1 -1 -1 4 7200 19951 18 6
170 4 2880 9277 2 2880 15878 4 -1
171 -1 -1 -1 2 17280 25477 15 3
172 12 1440 16982 2 10181 23790 19 -1
173 8 7200 13730 10 11799 22327 5 -1
174 -1 -1 -1 11 10080 18443 19 9
175 9 20160 22681 10 20160 37086 7 -1
176 10 7200 9366 12 7200 16633 10 -1
177 3 5760 11093 2 9132 23125 27 -1
178 5 27360 28800 -1 -1 -1 32 -1
179 2 4320 6620 3 4320 9826 2 -1
180 1 12960 19935 12 15287 32961 8 -1
181 3 0 1922 6 0 13889 22 -1
182 12 1440 5495 4 4055 5495 9 -1
183 12 10080 19527 8 14590 23763 2 -1
184 5 14400 27507 -1 -1 -1 7 -1
185 2 10080 21065 10 16045 21065 3 -1
186 2 15840 22643 0 19052 30915 9 -1
187 8 4320 16003 10 9900 17328 17 -1
188 0 21600 28122 -1 -1 -1 22 -1
189 3 17280 20469 6 17280 27737 14 -1
190 4 20160 28447 -1 -1 -1 11 -1
191 2 15840 24398 8 23364 39598 2 -1
192 5 23040 24480 1 23040 30686 4 -1
193 8 5760 11233 5 5760 14480 5 -1
194 7 21600 28228 -1 -1 -1 5 -1
195 0 7200 14934 11 8320 24786 8 -1
196 11 20160 27066 1 22469 30205 22 -1
197 6 4320 14892 4 9486 18336 2 -1
198 2 18720 25380 10 19592 32881 1 -1
199 1 20160 26282 10 24606 30361 12 -1
200 1 14400 22625 10 21185 22625 20 -1
201 0 10080 13473 1 10080 15934 19 -1
202 7 2880 14730 4 15989 27138 7 -1
203 3 17280 25636 7 20839 27860 1 -1
204 10 2880 10770 6 5970 10770 2 -1
205 5 15840 23059 10 15840 24744 1 -1
206 5 7200 16032 2 15268 30871 7 -1
207 -1 -1 -1 8 8640 17318 4 3
208 7 1440 3724 2 1440 5804 17 -1
209 4 5760 20045 0 12820 26063 12 -1
210 5 15840 18898 7 15840 23269 14 -1
211 12 12960 15715 3 13370 15715 5 -1
212 -1 -1 -1 8 2880 13770 6 4
213 5 20160 22463 8 20160 29937 27 -1
214 12 10080 14652 9 10080 22231 9 -1
215 0 18720 25585 1 24145 25585 15 -1
216 4 8640 16183 6 9768 22793 5 -1
217 2 24480 26941 3 24480 34549 11 -1
218 5 0 4347 6 0 11544 1 -1
219 0 8640 14997 6 9114 20169 10 -1
220 7 8640 18180 3 19762 26925 7 -1
221 9 0 5473 5 3371 18547 35 -1
222 3 20160 28641 -1 -1 -1 2 -1
223 1 15840 23021 7 15840 28510 1 -1
224 1 1440 5870 12 2378 12866 5 -1
225 -1 -1 -1 1 4320 16409 23 3
226 11 8640 10080 1 8640 17637 16 -1
227 10 18720 24502 7 21015 37052 26 -1
228 1 10080 13133 4 10080 21073 12 -1
229 11 12960 14400 7 12960 27764 12 -1
230 9 2880 14983 12 13543 14983 7 -1
231 -1 -1 -1 0 2880 4822 13 1
232 -1 -1 -1 0 21600 36821 9 3
233 -1 -1 -1 8 5760 18994 19 6
234 5 11520 22175 6 16397 32707 12 -1
235 1 1440 8944 5 6747 16963 9 -1
236 -1 -1 -1 12 2880 11647 19 7
237 0 2880 4320 2 2880 16645 24 -1
238 7 23040 27243 6 23040 32960 1 -1
239 3 8640 17721 5 12204 25917 2 -1
240 8 4320 14653 4 9319 22120 8 -1
241 8 17280 21892 2 19010 29804 1 -1
242 1 10080 13183 3 10080 17536 12 -1
243 11 10080 23129 10 18214 24917 6 -1
244 -1 -1 -1 12 18720 33540 17 7
245 7 1440 4952 8 1440 14763 7 -1
246 2 0 14170 10 12042 31311 11 -1
247 -1 -1 -1 7 15840 26390 6 0
248 5 11520 18462 10 13021 25837 5 -1
249 1 14400 19327 10 15207 32092 8 -1
#Distance_Matrix [row=from col=to] (given in meters)
0	64100	64700	59000	68800	198000	190300	53600	54000	70000	189700	174900	68200	64700	
64100	0	10900	6200	6800	135700	131800	14800	10400	5900	131300	116400	13500	10900	
64700	10900	0	5800	4100	135700	125600	15100	11000	6000	125000	110200	17300	0	
59000	6200	5800	0	9800	141400	131300	9300	5300	11700	130800	116000	11600	5800	
68800	6800	4100	9800	0	131600	125000	19100	15100	1900	124500	109600	20300	4100	
198000	135700	135700	141400	131600	0	233000	144400	146100	129800	232500	217700	149200	135700	
190300	131800	125600	131300	125000	233000	0	140600	136600	126700	2500	26200	142900	125600	
53600	14800	15100	9300	19100	144400	140600	0	4400	20700	140100	125300	16600	15100	
54000	10400	11000	5300	15100	146100	136600	4400	0	16300	136000	121200	15300	11000	
70000	5900	6000	11700	1900	129800	126700	20700	16300	0	126100	111300	19400	6000	
189700	131300	125000	130800	124500	232500	2500	140100	136000	126100	0	25600	142300	125000	
174900	116400	110200	116000	109600	217700	26200	125300	121200	111300	25600	0	127500	110200	
68200	13500	17300	11600	20300	149200	142900	16600	15300	19400	142300	127500	0	17300	
64700	10900	0	5800	4100	135700	125600	15100	11000	6000	125000	110200	17300	0	
