##Problem_info
speed(meters/minute): 333
coupling_time: 15
decoupling_time: 15
body_capacity: 100
max_bodies: 4
total_number_of_nodes: 14
total_number_of_vessels: 5
total_number_of_bodies: 10
total_number_of_requests: 250
unscheduled_cost_coefficient: 10000
service_time: 2
##Nodes [id is_swap_location]   (-2 is only swap location/transfer | 1 is customer that allow a body to be dropped)
0 1
1 1
2 1
3 1
4 1
5 1
6 1
7 1
8 1
9 1
10 1
11 1
12 1
13 -2
##Vessel [id start_location start_time]
0 13 3
1 11 149
2 10 137
3 9 7
4 8 8
##Bodies [id attached_to_vessel start_location]  (if -1 for attached_to_vessel: body starts detached)
0 2 10
1 4 8
2 3 9
3 1 11
4 0 13
5 0 13
6 2 10
7 4 8
8 3 9
9 2 10
##Requests [id pickup_location_id pickup_from pickup_to delivery_location_id delivery_from delivery_to num_containers at_body_id]
0 -1 -1 -1 0 7200 10942 9 0
1 6 4320 16023 1 10757 16023 9 -1
2 8 4320 9188 3 4320 13223 9 -1
3 6 17280 19733 10 17280 24668 25 -1
4 8 0 4141 10 2358 13841 16 -1
5 2 8640 11071 6 8640 14304 12 -1
6 -1 -1 -1 10 2880 11350 8 4
7 12 14400 23321 5 18093 28049 6 -1
8 -1 -1 -1 4 0 5350 5 8
9 -1 -1 -1 12 18720 25951 8 2
10 4 11520 19448 6 14587 29154 1 -1
11 -1 -1 -1 10 21600 30999 15 1
12 -1 -1 -1 11 8640 22769 3 9
13 1 1440 6674 10 5234 6674 38 -1
14 0 0 1440 9 0 16485 25 -1
15 -1 -1 -1 3 5760 12723 14 7
16 2 12960 18117 7 13723 20255 38 -1
17 7 1440 12691 10 5753 16188 4 -1
18 4 15840 17280 10 15840 26282 24 -1
19 8 8640 10080 5 8640 22907 17 -1
20 -1 -1 -1 0 1440 11273 2 0
21 8 8640 20003 6 10684 24082 10 -1
22 12 4320 9329 5 7889 9329 11 -1
23 6 8640 22092 2 15753 33295 4 -1
24 -1 -1 -1 9 21600 34213 27 9
25 11 8640 13820 8 8640 21433 15 -1
26 6 23040 28383 -1 -1 -1 2 -1
27 -1 -1 -1 6 2880 18284 18 9
28 10 7200 14404 11 11040 27185 1 -1
29 -1 -1 -1 5 12960 22565 21 3
30 10 0 3882 7 0 5486 27 -1
31 -1 -1 -1 1 10080 15602 7 6
32 2 14400 19341 0 17226 27716 9 -1
33 0 12960 18147 5 12960 21021 28 -1
34 9 8640 10080 1 8640 29640 4 -1
35 10 4320 13441 12 7657 14578 17 -1
36 1 8640 10080 5 8678 16205 19 -1
37 -1 -1 -1 0 7200 14723 4 6
38 2 17280 21095 0 17280 26306 20 -1
39 9 4320 18177 2 13354 25633 1 -1
40 6 2880 12446 1 7692 16182 8 -1
41 9 4320 7625 5 7453 9502 19 -1
42 10 7200 16610 7 14561 20906 18 -1
43 7 7200 8640 5 7200 14851 11 -1
44 2 0 8628 4 6221 21898 9 -1
45 6 11520 24586 12 23906 40489 20 -1
46 6 15840 18880 12 15840 20497 37 -1
47 -1 -1 -1 5 8640 18095 27 5
48 -1 -1 -1 2 5760 8102 13 8
49 0 21600 25784 10 22767 25784 14 -1
50 8 8640 18161 9 15199 30874 1 -1
51 6 24480 25920 8 24480 37711 17 -1
52 0 1440 8138 3 7795 12632 3 -1
53 8 2880 13878 5 11777 21912 28 -1
54 12 18720 28234 -1 -1 -1 21 -1
55 12 15840 26861 7 20622 27566 15 -1
56 2 14400 23718 1 18964 27097 8 -1
57 4 2880 6717 1 5665 14238 11 -1
58 7 20160 21600 3 20160 28497 10 -1
59 8 5760 14268 7 12771 20062 15 -1
60 0 7200 18053 3 12571 18053 6 -1
61 0 23040 24480 3 23040 36695 18 -1
62 -1 -1 -1 11 12960 18579 1 8
63 3 18720 22478 0 18720 34786 8 -1
64 5 4320 17533 0 12967 22492 16 -1
65 9 23040 24480 3 23040 40467 21 -1
66 9 5760 17310 10 10749 22504 27 -1
67 0 12960 20856 10 15047 23920 5 -1
68 11 10080 12266 5 11218 29340 26 -1
69 8 25920 27459 -1 -1 -1 6 -1
70 8 14400 16156 5 14400 27748 1 -1
71 5 14400 18836 2 14827 23553 17 -1
72 5 4320 7409 11 4320 14990 25 -1
73 3 23040 24489 11 23040 28448 21 -1
74 -1 -1 -1 10 23040 32541 7 3
75 -1 -1 -1 11 23040 31281 1 8
76 9 5760 13470 1 8835 20711 14 -1
77 8 14400 15840 12 14400 29820 20 -1
78 -1 -1 -1 10 14400 30377 9 1
79 8 10080 14271 2 10080 23826 1 -1
80 7 10080 27315 12 25875 27315 6 -1
81 6 17280 21939 2 17280 35636 2 -1
82 -1 -1 -1 1 10080 24072 23 8
83 11 21600 23408 9 21600 25263 8 -1
84 5 7200 9609 9 7200 16893 1 -1
85 8 21600 27108 6 22313 33227 1 -1
86 9 1440 14290 1 11855 20511 5 -1
87 0 1440 7307 10 1440 14549 13 -1
88 -1 -1 -1 9 8640 21797 26 1
89 9 7200 13916 11 7200 20302 25 -1
90 -1 -1 -1 0 8640 14472 15 0
91 -1 -1 -1 5 8640 19432 19 0
92 9 17280 23980 7 17280 27611 37 -1
93 9 27360 28800 -1 -1 -1 19 -1
94 -1 -1 -1 6 2880 7108 12 7
95 7 17280 25924 9 26141 37045 16 -1
96 7 4320 10877 6 4607 16899 7 -1
97 0 4320 8528 11 6317 21234 4 -1
98 8 17280 23732 6 23580 29316 25 -1
99 1 21600 23040 0 21600 30913 6 -1
100 -1 -1 -1 5 8640 27487 1 7
101 12 21600 28339 -1 -1 -1 15 -1
102 -1 -1 -1 5 5760 24706 4 9
103 3 0 12534 5 12450 20810 8 -1
104 7 2880 7415 5 2880 10579 3 -1
105 10 20160 22222 12 21006 25840 18 -1
106 4 1440 7558 6 6847 16260 11 -1
107 10 17280 25106 1 21783 26103 12 -1
108 5 27360 28800 -1 -1 -1 1 -1
109 3 4320 5760 12 4645 11624 6 -1
110 6 1440 9069 11 5101 11600 21 -1
111 7 10080 15359 2 13273 17989 4 -1
112 0 1440 12461 5 9210 17542 23 -1
113 10 14400 21794 8 18690 26299 12 -1
114 -1 -1 -1 5 1440 13596 12 0
115 4 1440 13723 10 6953 20359 10 -1
116 9 12960 19792 10 14620 20016 1 -1
117 4 4320 6191 0 4320 9564 24 -1
118 -1 -1 -1 1 11520 21475 1 3
119 3 8640 20896 4 16975 27641 3 -1
120 0 7200 21016 5 14103 29770 4 -1
121 -1 -1 -1 2 21600 26741 15 4
122 -1 -1 -1 0 7200 14287 10 6
123 -1 -1 -1 11 21600 28987 9 8
124 1 8640 18812 5 12294 18812 10 -1
125 2 10080 12122 11 10080 18324 1 -1
126 3 1440 9535 7 1693 15100 6 -1
127 8 4320 11459 12 5477 21563 11 -1
128 2 17280 23645 5 21287 34325 13 -1
129 12 20160 22575 2 20160 36033 3 -1
130 -1 -1 -1 0 18720 27169 17 3
131 2 7200 16806 9 8253 16806 15 -1
132 -1 -1 -1 11 11520 16519 3 6
133 4 21600 26650 7 22321 28668 2 -1
134 1 15840 26830 10 24709 32228 24 -1
135 12 0 9070 4 6041 19200 12 -1
136 2 10080 25763 5 20736 25763 1 -1
137 9 18720 24803 2 18720 38813 4 -1
138 8 21600 28711 -1 -1 -1 13 -1
139 12 18720 20160 5 19047 34754 30 -1
140 -1 -1 -1 11 10080 28302 1 7
141 5 15840 26883 3 21389 29920 7 -1
142 10 21600 23236 3 21600 24288 4 -1
143 6 4320 18454 5 15305 18454 1 -1
144 -1 -1 -1 9 20160 34159 26 8
145 6 17280 27492 -1 -1 -1 12 -1
146 0 0 5346 11 551 13425 7 -1
147 -1 -1 -1 11 1440 9208 14 2
148 0 5760 8830 3 5760 23039 20 -1
149 12 12960 26541 8 20796 30841 9 -1
150 10 10080 21048 3 10523 21493 16 -1
151 7 2880 9017 1 4826 15662 17 -1
152 7 8640 16788 6 8937 18604 22 -1
153 5 0 10530 7 5387 12946 19 -1
154 7 7200 11702 3 9675 17983 10 -1
155 1 18720 23800 4 18720 34602 3 -1
156 9 8640 20081 5 12743 30886 27 -1
157 7 4320 12755 1 6785 20706 31 -1
158 -1 -1 -1 6 8640 19169 12 5
159 1 14400 26580 3 18343 29667 11 -1
160 11 12960 19527 8 14500 19527 2 -1
161 2 0 11608 6 3938 17155 18 -1
162 9 5760 13223 0 5760 20738 3 -1
163 3 8640 15075 0 9401 21732 9 -1
164 2 15840 26099 8 19133 32211 29 -1
165 -1 -1 -1 5 27360 41464 11 0
166 -1 -1 -1 7 0 9973 14 0
167 -1 -1 -1 5 12960 26160 22 4
168 5 1440 9195 1 9516 21350 13 -1
169 -1 -1 -1 5 7200 19401 10 5
170 3 12960 24863 7 19650 27596 12 -1
171 1 15840 19059 6 15840 24194 15 -1
172 2 23040 27150 5 27476 39430 5 -1
173 0 1440 7598 11 1440 13975 8 -1
174 -1 -1 -1 7 0 3404 5 4
175 12 7200 13161 6 10011 13742 38 -1
176 -1 -1 -1 12 20160 27331 21 7
177 4 15840 20214 11 15840 28922 13 -1
178 -1 -1 -1 2 1440 12725 7 4
179 1 1440 8276 4 3719 20970 21 -1
180 8 14400 23110 5 17461 23110 4 -1
181 8 5760 9957 5 10278 20177 11 -1
182 1 20160 27814 -1 -1 -1 17 -1
183 10 12960 17610 5 13945 25786 1 -1
184 9 7200 13961 5 12291 20263 22 -1
185 9 4320 12983 8 10561 12983 29 -1
186 12 24480 25920 2 26793 37833 16 -1
187 7 24480 27885 -1 -1 -1 1 -1
188 -1 -1 -1 11 12960 22501 8 4
189 5 21600 28144 -1 -1 -1 24 -1
190 -1 -1 -1 5 8640 10701 10 5
191 -1 -1 -1 0 10080 19327 31 2
192 4 2880 10303 2 7260 17769 16 -1
193 2 21600 27277 1 21600 30711 30 -1
194 7 10080 21543 6 13618 24503 4 -1
195 -1 -1 -1 4 5760 13600 9 6
196 3 12960 14400 12 14379 27180 1 -1
197 9 17280 22871 10 18195 27810 6 -1
198 3 20160 28296 -1 -1 -1 2 -1
199 1 0 4940 7 0 7304 20 -1
200 8 8640 20879 6 15973 21132 13 -1
201 0 4320 15312 7 7727 15718 11 -1
202 -1 -1 -1 5 4320 23634 25 6
203 10 5760 7200 0 5760 15461 9 -1
204 -1 -1 -1 1 14400 24546 11 7
205 -1 -1 -1 3 4320 15232 1 9
206 10 23040 26570 3 26500 38250 19 -1
207 -1 -1 -1 12 1440 12777 4 1
208 8 17280 25198 12 27536 41915 17 -1
209 12 18720 26315 7 21315 32587 11 -1
210 3 24480 25920 9 24480 35009 14 -1
211 12 14400 18574 9 14400 23821 20 -1
212 1 1440 15108 4 11571 20911 15 -1
213 5 20160 21667 9 20227 21667 26 -1
214 1 1440 13457 12 8401 19722 26 -1
215 0 18720 25009 9 21692 30274 1 -1
216 6 12960 20228 8 15865 33539 14 -1
217 9 1440 2880 7 1440 8946 15 -1
218 9 17280 26357 6 21713 26357 11 -1
219 12 8640 13761 4 8640 14231 21 -1
220 -1 -1 -1 6 4320 18331 15 6
221 -1 -1 -1 9 11520 23400 25 7
222 3 18720 22982 7 20031 22982 12 -1
223 10 5760 11980 11 8170 18227 9 -1
224 12 14400 15840 11 14400 24507 1 -1
225 10 11520 22708 1 20536 22708 37 -1
226 -1 -1 -1 4 7200 12946 11 5
227 8 10080 11520 0 10080 13271 7 -1
228 11 7200 14915 10 11456 16979 11 -1
229 5 18720 27978 -1 -1 -1 2 -1
230 11 5760 15229 0 12201 25095 13 -1
231 -1 -1 -1 9 14400 32327 4 0
232 9 20160 22366 7 20160 37470 5 -1
233 6 21600 28434 -1 -1 -1 2 -1
234 4 8640 23108 12 18870 27745 23 -1
235 9 17280 26146 12 25034 43339 8 -1
236 4 24480 26834 9 24480 34965 12 -1
237 1 8640 15591 2 8640 28587 6 -1
238 4 11520 25534 12 23967 35475 12 -1
239 6 10080 18811 9 13832 18811 2 -1
240 12 12960 14400 0 12960 27755 1 -1
241 -1 -1 -1 10 1440 9392 21 6
242 9 15840 17280 10 15840 27680 4 -1
243 5 18720 24152 11 19055 24152 1 -1
244 -1 -1 -1 9 12960 21446 24 5
245 6 23040 24480 8 23040 32388 3 -1
246 -1 -1 -1 11 7200 21775 2 5
247 10 12960 14406 11 12960 24994 13 -1
248 11 7200 14716 2 12648 18167 13 -1
249 12 17280 19514 2 18074 19514 1 -1
#Distance_Matrix [row=from col=to] (given in meters)
0	64100	64700	59000	68800	198000	190300	53600	54000	70000	189700	174900	68200	64700	
64100	0	10900	6200	6800	135700	131800	14800	10400	5900	131300	116400	13500	10900	
64700	10900	0	5800	4100	135700	125600	15100	11000	6000	125000	110200	17300	0	
59000	6200	5800	0	9800	141400	131300	9300	5300	11700	130800	116000	11600	5800	
68800	6800	4100	9800	0	131600	125000	19100	15100	1900	124500	109600	20300	4100	
198000	135700	135700	141400	131600	0	233000	144400	146100	129800	232500	217700	149200	135700	
190300	131800	125600	131300	125000	233000	0	140600	136600	126700	2500	26200	142900	125600	
53600	14800	15100	9300	19100	144400	140600	0	4400	20700	140100	125300	16600	15100	
54000	10400	11000	5300	15100	146100	136600	4400	0	16300	136000	121200	15300	11000	
70000	5900	6000	11700	1900	129800	126700	20700	16300	0	126100	111300	19400	6000	
189700	131300	125000	130800	124500	232500	2500	140100	136000	126100	0	25600	142300	125000	
174900	116400	110200	116000	109600	217700	26200	125300	121200	111300	25600	0	127500	110200	
68200	13500	17300	11600	20300	149200	142900	16600	15300	19400	142300	127500	0	17300	
64700	10900	0	5800	4100	135700	125600	15100	11000	6000	125000	110200	17300	0	
