##Problem_info
speed(meters/minute): 333
coupling_time: 15
decoupling_time: 15
body_capacity: 100
max_bodies: 4
total_number_of_nodes: 14
total_number_of_vessels: 5
total_number_of_bodies: 10
total_number_of_requests: 250
unscheduled_cost_coefficient: 10000
service_time: 2
##Nodes [id is_swap_location]   (-2 is only swap location/transfer | 1 is customer that allow a body to be dropped)
0 1
1 1
2 1
3 1
4 1
5 1
6 1
7 1
8 1
9 1
10 1
11 1
12 1
13 -2
##Vessel [id start_location start_time]
0 5 36
1 12 20
2 10 11
3 9 1
4 8 1
##Bodies [id attached_to_vessel start_location]  (if -1 for attached_to_vessel: body starts detached)
0 0 5
1 4 8
2 1 12
3 2 10
4 3 9
5 3 9
6 2 10
7 0 5
8 1 12
9 3 9
##Requests [id pickup_location_id pickup_from pickup_to delivery_location_id delivery_from delivery_to num_containers at_body_id]
0 1 14400 23169 6 18649 23169 6 -1
1 4 15840 20804 0 17233 25489 9 -1
2 11 2880 21581 8 15899 21581 15 -1
3 8 0 1440 3 0 10472 20 -1
4 1 14400 21659 4 14400 28883 7 -1
5 8 23040 25924 9 23040 33673 12 -1
6 7 1440 3389 3 1440 10083 3 -1
7 4 17280 22916 5 17280 28478 2 -1
8 6 10080 24514 1 18602 33475 5 -1
9 12 7200 14538 10 13067 26988 6 -1
10 8 10080 26391 0 24780 31302 10 -1
11 11 0 2439 7 0 3215 10 -1
12 8 12960 18308 3 16831 22800 4 -1
13 1 4320 11458 0 7388 19459 5 -1
14 4 11520 20048 6 16384 27957 7 -1
15 6 4320 6730 1 4320 10921 16 -1
16 -1 -1 -1 10 14400 18724 1 3
17 -1 -1 -1 0 23040 34807 8 3
18 5 7200 10011 11 7200 18106 15 -1
19 8 20160 26621 3 24690 26621 13 -1
20 11 0 4955 0 320 4955 6 -1
21 -1 -1 -1 7 2880 11571 9 7
22 11 14400 20702 6 14400 23379 8 -1
23 6 10080 16481 4 12872 32657 3 -1
24 9 10080 12068 11 10628 12068 7 -1
25 -1 -1 -1 3 2880 11673 7 5
26 -1 -1 -1 6 2880 15935 10 9
27 10 4320 8008 7 4320 9619 12 -1
28 3 23040 26292 6 23040 36765 16 -1
29 11 0 6693 1 4403 14803 4 -1
30 5 0 8981 0 4343 17602 15 -1
31 3 10080 21308 9 18052 27656 6 -1
32 -1 -1 -1 0 24480 36136 13 3
33 10 11520 15354 4 13428 25182 6 -1
34 10 12960 25770 12 18449 32264 16 -1
35 11 1440 5923 0 1440 19650 7 -1
36 5 11520 22532 3 21115 35838 16 -1
37 -1 -1 -1 5 4320 7847 2 5
38 12 11520 19999 11 15201 30157 13 -1
39 -1 -1 -1 9 10080 18263 24 2
40 5 1440 7144 4 4205 7144 7 -1
41 8 27360 28800 -1 -1 -1 6 -1
42 -1 -1 -1 3 20160 31615 3 9
43 4 0 1440 0 0 12662 12 -1
44 4 7200 8780 6 7200 19875 3 -1
45 8 10080 12446 12 10080 24955 23 -1
46 10 8640 18574 11 9095 19293 2 -1
47 5 20160 26478 7 20501 35840 3 -1
48 5 8640 13908 3 8952 15428 21 -1
49 -1 -1 -1 12 7200 14901 16 7
50 2 11520 17615 1 14618 27214 13 -1
51 9 2880 11131 10 9265 21130 1 -1
52 11 2880 9844 2 7668 18756 10 -1
53 10 5760 17893 12 13087 18780 2 -1
54 12 4320 10483 7 7669 21236 17 -1
55 12 24480 26059 8 24480 45480 1 -1
56 7 12960 14400 1 12960 30170 1 -1
57 -1 -1 -1 3 14400 23952 14 9
58 0 10080 15206 5 10080 20918 7 -1
59 4 12960 20374 2 20360 33936 5 -1
60 -1 -1 -1 4 8640 13457 18 3
61 -1 -1 -1 6 2880 9725 30 0
62 12 1440 7570 2 1440 19965 1 -1
63 9 18720 28761 -1 -1 -1 41 -1
64 0 5760 10762 4 8336 18661 9 -1
65 -1 -1 -1 5 21600 32302 15 9
66 11 7200 17516 0 14134 17516 15 -1
67 4 23040 28110 -1 -1 -1 20 -1
68 -1 -1 -1 5 17280 23110 1 9
69 -1 -1 -1 12 4320 15602 2 9
70 12 20160 26093 2 20160 28585 25 -1
71 4 23040 26268 6 24828 26268 1 -1
72 5 2880 9187 1 5626 14398 34 -1
73 7 11520 25279 9 17701 28437 5 -1
74 9 15840 27873 -1 -1 -1 6 -1
75 6 23040 24809 12 23040 31783 32 -1
76 1 12960 20141 6 16987 26026 29 -1
77 6 12960 22573 4 20493 22573 12 -1
78 8 15840 27431 -1 -1 -1 10 -1
79 3 4320 12628 4 6124 13143 2 -1
80 10 1440 9994 2 2250 16990 11 -1
81 7 23040 28216 -1 -1 -1 16 -1
82 7 14400 23303 0 21106 23303 2 -1
83 10 8640 15136 12 8640 22487 3 -1
84 8 14400 28236 -1 -1 -1 7 -1
85 12 10080 11520 11 10080 22174 2 -1
86 12 12960 18860 4 16983 34665 21 -1
87 -1 -1 -1 2 14400 29930 10 5
88 2 4320 5800 3 4320 5872 1 -1
89 2 0 2845 9 0 16306 14 -1
90 4 14400 25672 7 20447 32115 1 -1
91 3 12960 23551 2 21632 35446 24 -1
92 11 7200 8640 6 7200 16746 17 -1
93 2 11520 18611 7 17533 26078 11 -1
94 10 0 2265 0 825 2265 13 -1
95 1 1440 8984 6 7891 20940 7 -1
96 4 18720 20160 7 18720 28217 11 -1
97 0 10080 17457 6 10727 24252 22 -1
98 -1 -1 -1 6 4320 13695 24 1
99 10 5760 12543 4 8201 13928 11 -1
100 1 10080 11520 3 10080 12383 10 -1
101 10 17280 24591 9 19275 27290 10 -1
102 8 0 6565 10 2706 12528 8 -1
103 -1 -1 -1 11 2880 15533 13 3
104 7 7200 16497 12 11421 16497 20 -1
105 11 17280 26497 8 22507 26497 19 -1
106 7 0 8365 10 3813 13984 9 -1
107 11 24480 25920 2 24480 42070 7 -1
108 2 10080 16661 5 15727 36727 5 -1
109 -1 -1 -1 5 23040 38258 6 6
110 4 4320 9249 11 4320 15717 5 -1
111 -1 -1 -1 12 15840 17280 3 8
112 6 5760 9348 1 7450 17154 3 -1
113 -1 -1 -1 11 14400 26146 4 8
114 -1 -1 -1 9 18720 30828 29 7
115 9 11520 19485 0 16107 33288 31 -1
116 3 11520 12960 8 11520 19580 4 -1
117 2 0 4351 10 0 12217 30 -1
118 3 18720 25112 0 20434 30168 6 -1
119 -1 -1 -1 11 20160 34631 14 0
120 11 8640 11375 10 8640 26849 1 -1
121 -1 -1 -1 5 8640 12148 9 6
122 -1 -1 -1 11 18720 23258 12 9
123 -1 -1 -1 3 18720 20749 8 3
124 11 1440 3555 7 1440 13975 12 -1
125 8 7200 10966 9 9895 30895 5 -1
126 7 17280 21588 8 19929 33579 10 -1
127 -1 -1 -1 9 14400 29463 14 3
128 8 12960 25657 1 23626 27214 1 -1
129 6 15840 23246 3 15840 23692 9 -1
130 3 4320 12123 0 6106 14484 26 -1
131 12 14400 21933 5 19399 21933 12 -1
132 5 18720 24385 9 20176 24385 14 -1
133 9 11520 23987 0 24164 35754 25 -1
134 2 17280 23505 11 20342 29202 12 -1
135 10 8640 13235 11 11239 21785 46 -1
136 10 12960 15441 1 12960 16801 18 -1
137 11 20160 28184 -1 -1 -1 11 -1
138 10 2880 4320 6 2880 23615 9 -1
139 0 21600 26617 9 21600 39255 15 -1
140 3 0 4935 2 0 9853 4 -1
141 4 10080 12830 2 10080 29042 8 -1
142 0 11520 16475 11 11520 29045 23 -1
143 0 10080 17910 2 17475 26137 14 -1
144 6 1440 5849 11 1440 11866 28 -1
145 0 2880 6820 6 2880 11877 1 -1
146 5 7200 10704 9 7200 15879 15 -1
147 12 20160 27321 0 21900 33879 22 -1
148 10 2880 7324 5 2880 15965 23 -1
149 -1 -1 -1 3 4320 13097 21 5
150 -1 -1 -1 12 23040 31389 12 0
151 6 5760 7200 2 5760 17898 1 -1
152 -1 -1 -1 4 11520 19605 10 1
153 2 11520 17973 3 11520 21899 3 -1
154 -1 -1 -1 11 7200 10537 1 8
155 4 1440 2880 0 4244 14866 2 -1
156 3 2880 18228 1 14724 31089 12 -1
157 3 2880 14681 10 12839 14681 1 -1
158 7 14400 17655 8 14400 29082 6 -1
159 -1 -1 -1 7 5760 23270 2 0
160 4 5760 17980 10 13908 22018 6 -1
161 1 5760 17933 10 8979 21098 5 -1
162 12 2880 16034 6 9453 16034 4 -1
163 8 4320 5760 9 4425 9970 1 -1
164 9 8640 23479 10 22217 30440 10 -1
165 5 1440 7962 4 6522 7962 1 -1
166 11 10080 11978 6 10080 21204 1 -1
167 9 8640 12011 3 8640 19105 1 -1
168 1 14400 22037 5 14400 26590 14 -1
169 2 1440 3134 10 1440 5867 8 -1
170 -1 -1 -1 12 1440 11243 13 9
171 3 7200 14583 7 7200 16541 23 -1
172 0 8640 11592 2 8640 21401 1 -1
173 2 24480 25920 7 24480 33444 1 -1
174 -1 -1 -1 2 11520 20246 2 9
175 2 14400 22129 10 19452 28536 15 -1
176 -1 -1 -1 7 0 11737 16 9
177 1 11520 26411 12 22805 26411 5 -1
178 10 0 8734 1 1444 12029 1 -1
179 3 2880 4320 5 2880 9699 1 -1
180 9 14400 19524 7 14400 27222 17 -1
181 -1 -1 -1 4 2880 11204 7 9
182 4 4320 10130 6 4320 11752 14 -1
183 5 10080 14186 8 10080 20218 3 -1
184 11 8640 11424 7 8640 18153 3 -1
185 5 2880 12417 7 8463 16210 12 -1
186 7 17280 26127 2 19066 30929 10 -1
187 7 4320 15659 11 14219 15659 1 -1
188 -1 -1 -1 3 2880 9334 28 5
189 -1 -1 -1 0 0 2293 7 7
190 -1 -1 -1 11 1440 9392 5 2
191 6 0 5052 10 3578 16267 4 -1
192 -1 -1 -1 8 5760 15372 8 2
193 12 25920 27557 -1 -1 -1 3 -1
194 6 7200 8640 2 7200 23099 9 -1
195 3 10080 11520 5 10382 28294 5 -1
196 10 20160 21707 0 20160 27918 8 -1
197 2 4320 14981 0 11060 25159 14 -1
198 2 10080 26144 7 21008 34998 12 -1
199 2 0 11675 11 3827 19938 29 -1
200 -1 -1 -1 1 2880 12058 26 4
201 5 12960 17012 7 13536 18400 23 -1
202 10 8640 10197 2 8640 15298 11 -1
203 -1 -1 -1 11 4320 7532 20 1
204 5 10080 18330 3 10080 18357 3 -1
205 -1 -1 -1 4 0 5643 1 8
206 7 2880 7510 3 3092 16059 11 -1
207 7 18720 26478 3 25400 35564 33 -1
208 11 15840 25667 0 23136 35149 11 -1
209 -1 -1 -1 2 15840 30326 13 8
210 2 11520 19889 11 11520 20297 1 -1
211 7 21600 25036 6 21600 35325 7 -1
212 6 20160 27494 -1 -1 -1 22 -1
213 3 2880 4371 12 3538 8033 8 -1
214 5 5760 11499 2 5760 13178 13 -1
215 -1 -1 -1 4 12960 26608 5 6
216 7 1440 5828 2 1726 13607 1 -1
217 2 18720 22746 8 18720 33717 22 -1
218 -1 -1 -1 4 12960 22275 11 4
219 1 8640 14198 8 9738 26168 4 -1
220 2 4320 15196 5 12093 24855 21 -1
221 -1 -1 -1 8 11520 23340 1 8
222 4 8640 18828 9 12473 28353 1 -1
223 2 17280 25941 0 17280 29878 18 -1
224 -1 -1 -1 10 15840 30590 6 0
225 11 1440 3766 7 1440 15569 5 -1
226 10 5760 15504 2 12613 15504 1 -1
227 9 10080 18368 5 10080 19401 31 -1
228 9 12960 19792 5 15367 24904 13 -1
229 -1 -1 -1 0 12960 23294 1 0
230 -1 -1 -1 0 10080 16960 19 7
231 -1 -1 -1 2 11520 30107 5 9
232 3 11520 24411 1 16075 29396 13 -1
233 -1 -1 -1 12 7200 18248 11 2
234 9 7200 11293 1 7200 14382 3 -1
235 8 0 4932 2 0 12094 1 -1
236 -1 -1 -1 4 21600 24335 6 8
237 4 2880 6490 7 2880 19617 11 -1
238 -1 -1 -1 4 14400 22357 21 4
239 6 11520 16917 1 11520 21592 31 -1
240 12 4320 13901 10 13649 30225 23 -1
241 -1 -1 -1 2 24480 34843 2 4
242 -1 -1 -1 2 5760 12812 1 5
243 10 14400 21818 1 18817 24672 8 -1
244 10 12960 28221 -1 -1 -1 7 -1
245 -1 -1 -1 7 18720 37289 18 1
246 0 7200 14903 10 11933 26584 19 -1
247 11 14400 19024 8 14400 21171 10 -1
248 -1 -1 -1 2 18720 33588 12 3
249 8 15840 23563 12 20349 23563 7 -1
#Distance_Matrix [row=from col=to] (given in meters)
0	64100	64700	59000	68800	198000	190300	53600	54000	70000	189700	174900	68200	64700	
64100	0	10900	6200	6800	135700	131800	14800	10400	5900	131300	116400	13500	10900	
64700	10900	0	5800	4100	135700	125600	15100	11000	6000	125000	110200	17300	0	
59000	6200	5800	0	9800	141400	131300	9300	5300	11700	130800	116000	11600	5800	
68800	6800	4100	9800	0	131600	125000	19100	15100	1900	124500	109600	20300	4100	
198000	135700	135700	141400	131600	0	233000	144400	146100	129800	232500	217700	149200	135700	
190300	131800	125600	131300	125000	233000	0	140600	136600	126700	2500	26200	142900	125600	
53600	14800	15100	9300	19100	144400	140600	0	4400	20700	140100	125300	16600	15100	
54000	10400	11000	5300	15100	146100	136600	4400	0	16300	136000	121200	15300	11000	
70000	5900	6000	11700	1900	129800	126700	20700	16300	0	126100	111300	19400	6000	
189700	131300	125000	130800	124500	232500	2500	140100	136000	126100	0	25600	142300	125000	
174900	116400	110200	116000	109600	217700	26200	125300	121200	111300	25600	0	127500	110200	
68200	13500	17300	11600	20300	149200	142900	16600	15300	19400	142300	127500	0	17300	
64700	10900	0	5800	4100	135700	125600	15100	11000	6000	125000	110200	17300	0	
