##Problem_info
speed(meters/minute): 333
coupling_time: 15
decoupling_time: 15
body_capacity: 100
max_bodies: 4
total_number_of_nodes: 14
total_number_of_vessels: 5
total_number_of_bodies: 10
total_number_of_requests: 250
unscheduled_cost_coefficient: 10000
service_time: 2
##Nodes [id is_swap_location]   (-2 is only swap location/transfer | 1 is customer that allow a body to be dropped)
0 1
1 1
2 1
3 1
4 1
5 1
6 1
7 1
8 1
9 1
10 1
11 1
12 1
13 -2
##Vessel [id start_location start_time]
0 0 15
1 10 196
2 13 0
3 12 16
4 11 100
##Bodies [id attached_to_vessel start_location]  (if -1 for attached_to_vessel: body starts detached)
0 2 13
1 0 0
2 4 11
3 1 10
4 3 12
5 2 13
6 1 10
7 3 12
8 2 13
9 4 11
##Requests [id pickup_location_id pickup_from pickup_to delivery_location_id delivery_from delivery_to num_containers at_body_id]
0 -1 -1 -1 0 0 1440 9 1
1 7 4320 14113 1 8136 15908 15 -1
2 9 1440 5925 11 1440 19043 5 -1
3 4 4320 9548 0 7795 17484 14 -1
4 -1 -1 -1 1 10080 19817 21 2
5 0 14400 24706 8 22279 27761 7 -1
6 4 24480 25920 8 24480 36002 1 -1
7 3 15840 17280 1 16715 27639 5 -1
8 6 23040 28709 -1 -1 -1 7 -1
9 1 17280 23945 8 19722 25220 4 -1
10 12 12960 17043 1 12960 22542 1 -1
11 7 17280 28628 -1 -1 -1 8 -1
12 11 7200 8851 4 7200 25429 10 -1
13 2 21600 25274 12 21600 34703 5 -1
14 9 1440 19141 6 15104 19141 16 -1
15 7 8640 17142 9 16566 28991 3 -1
16 10 5760 11463 4 5760 14740 3 -1
17 0 11520 13943 9 11520 26939 6 -1
18 2 7200 19184 8 11850 26572 12 -1
19 4 20160 23773 11 20160 24133 21 -1
20 3 0 7170 1 0 7689 9 -1
21 0 11520 18952 9 13777 20750 19 -1
22 -1 -1 -1 3 18720 22617 8 7
23 -1 -1 -1 4 20160 32448 15 5
24 4 14400 28369 -1 -1 -1 13 -1
25 0 1440 9554 9 9226 15357 17 -1
26 1 21600 24511 6 21600 36738 3 -1
27 7 11520 16868 4 11520 25469 5 -1
28 10 2880 7259 0 2880 11753 18 -1
29 -1 -1 -1 6 17280 18720 1 6
30 -1 -1 -1 3 5760 13965 4 1
31 1 4320 12295 12 6294 15262 10 -1
32 12 10080 15345 1 11206 18086 10 -1
33 8 18720 22752 9 18720 29303 22 -1
34 10 17280 19028 2 17588 19028 4 -1
35 11 5760 9854 1 5881 25597 20 -1
36 -1 -1 -1 9 0 7356 12 8
37 8 10080 23076 2 17953 23076 7 -1
38 8 11520 20635 0 18309 20790 6 -1
39 7 21600 24785 2 21600 29263 11 -1
40 7 7200 16752 0 11097 16752 1 -1
41 -1 -1 -1 10 5760 12706 8 8
42 -1 -1 -1 8 8640 26805 9 1
43 -1 -1 -1 9 1440 14745 10 8
44 4 11520 12960 12 11520 23984 26 -1
45 6 23040 25504 5 23040 40298 4 -1
46 2 7200 18137 5 13580 26709 5 -1
47 -1 -1 -1 12 0 7024 14 7
48 7 12960 19381 5 12960 28443 15 -1
49 -1 -1 -1 3 4320 17994 20 8
50 8 8640 16957 10 10201 24395 9 -1
51 2 18720 25948 9 18992 32943 1 -1
52 0 20160 26041 10 21009 32339 6 -1
53 8 7200 14427 4 12944 20736 3 -1
54 6 15840 18942 5 17059 22741 5 -1
55 9 7200 15273 12 15624 29448 24 -1
56 -1 -1 -1 8 4320 16522 6 8
57 7 12960 24310 12 17699 24310 4 -1
58 11 27360 28800 -1 -1 -1 12 -1
59 6 2880 16361 5 9452 23622 6 -1
60 2 23040 24480 11 23040 26940 5 -1
61 3 15840 25160 5 22223 38648 27 -1
62 -1 -1 -1 6 7200 16155 12 7
63 3 20160 21600 6 20160 24388 3 -1
64 -1 -1 -1 2 12960 18851 1 0
65 1 11520 19760 3 14554 25011 7 -1
66 5 11520 23822 12 18194 30254 21 -1
67 9 11520 16034 5 11520 17759 3 -1
68 -1 -1 -1 6 14400 16255 14 1
69 7 24480 25920 10 24480 41291 1 -1
70 -1 -1 -1 4 2880 23880 1 0
71 11 1440 9568 3 1440 13606 31 -1
72 10 0 3028 5 0 8401 18 -1
73 4 14400 19261 7 17152 24427 1 -1
74 -1 -1 -1 1 17280 20288 14 5
75 2 17280 22547 8 17280 30117 31 -1
76 6 14400 23227 11 15690 24660 9 -1
77 6 7200 22365 11 22367 35321 6 -1
78 3 5760 12426 11 8940 17913 29 -1
79 7 2880 14763 6 13323 14763 10 -1
80 2 5760 9823 12 7404 9823 8 -1
81 7 7200 13396 8 11956 13396 12 -1
82 9 21600 26382 6 22668 32141 9 -1
83 3 4320 7754 11 4320 16468 13 -1
84 -1 -1 -1 8 4320 14339 7 8
85 0 23040 27740 -1 -1 -1 11 -1
86 8 7200 11675 5 7200 20450 26 -1
87 -1 -1 -1 1 11520 18083 17 7
88 4 11520 17453 2 13644 28178 4 -1
89 0 12960 24152 8 19435 26306 12 -1
90 -1 -1 -1 3 5760 23308 16 9
91 12 12960 22842 8 17180 22842 5 -1
92 10 10080 14871 3 10687 22973 12 -1
93 7 18720 21895 12 18720 32493 12 -1
94 12 8640 15204 8 10911 15204 5 -1
95 -1 -1 -1 5 11520 19982 5 9
96 9 8640 11000 7 9435 11000 11 -1
97 4 7200 12353 2 7200 18733 12 -1
98 9 7200 11356 12 7200 16008 12 -1
99 10 10080 20721 8 15292 20764 9 -1
100 0 5760 13284 5 9964 13821 3 -1
101 6 20160 28751 -1 -1 -1 1 -1
102 8 11520 15273 4 14760 20207 24 -1
103 8 4320 16439 6 12276 23629 2 -1
104 1 15840 18078 12 15840 30791 4 -1
105 -1 -1 -1 0 11520 23926 5 8
106 5 18720 21864 11 20001 27637 1 -1
107 -1 -1 -1 3 5760 8312 12 0
108 1 24480 25999 0 24480 26647 3 -1
109 -1 -1 -1 3 0 12357 1 6
110 11 12960 24112 6 15470 27489 5 -1
111 -1 -1 -1 9 0 4326 16 1
112 12 8640 22340 1 24928 31036 10 -1
113 10 18720 25636 6 21296 26745 18 -1
114 4 10080 18599 11 11063 18872 3 -1
115 1 7200 18218 6 15224 29338 1 -1
116 2 15840 23739 11 20990 40085 4 -1
117 5 12960 17201 10 12975 28185 6 -1
118 -1 -1 -1 0 10080 13670 13 6
119 1 4320 5760 2 4320 8256 13 -1
120 8 10080 22926 9 19620 34411 9 -1
121 -1 -1 -1 2 5760 14540 15 8
122 8 25920 27360 5 25920 34400 20 -1
123 -1 -1 -1 8 0 8724 1 9
124 1 14400 22203 9 17030 22203 8 -1
125 9 24480 26929 7 24659 37675 26 -1
126 -1 -1 -1 9 8640 22871 7 7
127 3 1440 9970 8 3966 20740 2 -1
128 10 4320 11855 11 6917 11855 12 -1
129 1 5760 10656 10 5760 16628 1 -1
130 0 14400 17797 9 17237 26018 18 -1
131 -1 -1 -1 7 21600 35574 12 0
132 -1 -1 -1 6 23040 37851 14 6
133 -1 -1 -1 11 5760 21200 12 9
134 4 18720 25254 1 18720 37674 8 -1
135 6 0 7968 9 5653 14993 15 -1
136 7 12960 14400 0 12960 14728 28 -1
137 7 25920 27561 -1 -1 -1 6 -1
138 7 20160 21600 8 20160 27610 17 -1
139 9 12960 17829 0 13727 27253 27 -1
140 6 8640 18627 1 11667 21739 8 -1
141 -1 -1 -1 9 2880 14543 1 4
142 6 25920 28201 -1 -1 -1 15 -1
143 5 10080 17776 7 16026 30036 1 -1
144 12 8640 13663 2 8640 23067 11 -1
145 -1 -1 -1 10 18720 31494 9 3
146 6 8640 17752 1 10770 26045 7 -1
147 3 1440 9870 11 4273 21464 9 -1
148 5 17280 25795 4 20561 27630 3 -1
149 10 14400 15966 9 14467 24646 1 -1
150 10 15840 17560 5 15840 26785 13 -1
151 4 4320 14143 7 7982 19147 5 -1
152 12 8640 16541 9 12119 27101 2 -1
153 2 23040 25833 3 25662 35194 5 -1
154 9 11520 16571 4 11520 17685 16 -1
155 12 4320 9480 10 6410 10614 7 -1
156 4 14400 21011 9 17140 25567 3 -1
157 9 12960 24857 5 19144 30333 4 -1
158 10 23040 28280 -1 -1 -1 6 -1
159 8 2880 5379 4 2880 10363 3 -1
160 3 1440 11798 12 10218 21635 23 -1
161 10 17280 25046 2 18172 33452 5 -1
162 11 4320 9448 10 4320 12341 20 -1
163 3 12960 14400 8 12960 24509 14 -1
164 1 7200 10709 12 9824 21579 11 -1
165 6 2880 4320 10 2880 12883 27 -1
166 0 1440 13193 3 5458 13193 20 -1
167 0 20160 25034 9 21828 33613 5 -1
168 -1 -1 -1 12 12960 20106 11 0
169 12 2880 11129 2 3632 14399 1 -1
170 6 7200 8640 10 7200 16279 4 -1
171 -1 -1 -1 6 10080 18197 19 5
172 9 8640 21611 1 13565 27476 1 -1
173 9 12960 24920 0 17307 35920 16 -1
174 11 14400 23840 2 20449 30587 15 -1
175 7 2880 9185 2 4449 9185 1 -1
176 2 5760 14582 8 8489 14582 22 -1
177 2 15840 23130 9 20860 23130 7 -1
178 11 2880 4334 4 2880 4980 10 -1
179 6 12960 23944 3 17069 23944 10 -1
180 -1 -1 -1 8 17280 25095 23 0
181 12 11520 12960 10 11520 19475 1 -1
182 3 5760 15785 4 11213 15785 23 -1
183 -1 -1 -1 10 18720 28315 10 0
184 -1 -1 -1 9 2880 4439 20 4
185 9 17280 27749 -1 -1 -1 6 -1
186 9 17280 21737 8 18611 24350 18 -1
187 2 15840 26602 7 18177 27761 18 -1
188 4 20160 26637 3 20160 29955 20 -1
189 -1 -1 -1 10 8640 23608 5 7
190 -1 -1 -1 9 7200 14771 2 1
191 8 2880 4320 7 2880 10392 1 -1
192 -1 -1 -1 10 1440 5810 1 7
193 9 7200 13624 7 9197 24466 3 -1
194 -1 -1 -1 2 11520 23951 15 5
195 7 5760 11178 6 7046 15827 22 -1
196 12 10080 12991 0 10080 16304 1 -1
197 1 17280 25094 3 19804 31507 1 -1
198 -1 -1 -1 2 7200 14352 12 1
199 12 15840 28292 -1 -1 -1 27 -1
200 7 0 7895 3 3917 15777 1 -1
201 4 21600 24636 3 21600 25300 21 -1
202 2 18720 28695 -1 -1 -1 15 -1
203 8 5760 16096 7 13870 16096 4 -1
204 2 8640 14412 12 11612 19062 30 -1
205 2 18720 26250 7 24208 35860 16 -1
206 3 5760 9094 1 6138 11708 9 -1
207 4 18720 23157 0 19920 28699 1 -1
208 -1 -1 -1 1 14400 21701 5 9
209 0 1440 12587 10 6412 12587 35 -1
210 6 7200 11075 9 9949 15773 7 -1
211 10 15840 24879 4 22534 24879 13 -1
212 -1 -1 -1 6 17280 18806 7 2
213 11 14400 23679 12 14400 28005 12 -1
214 4 11520 16794 7 12769 22042 8 -1
215 6 8640 12954 2 8772 16123 1 -1
216 -1 -1 -1 10 0 16355 2 3
217 -1 -1 -1 9 12960 24008 13 8
218 -1 -1 -1 7 14400 27869 24 3
219 -1 -1 -1 12 7200 21065 22 2
220 4 1440 12794 8 9513 21885 4 -1
221 12 10080 24410 10 22905 25269 3 -1
222 10 14400 17316 3 14400 27968 1 -1
223 6 5760 22222 9 20782 22222 1 -1
224 0 7200 17011 9 13957 17011 12 -1
225 8 4320 7654 2 7850 17434 10 -1
226 8 1440 16883 5 10414 20862 12 -1
227 10 4320 15153 7 12476 21712 11 -1
228 4 15840 24720 2 16828 26879 23 -1
229 1 10080 14820 7 10080 21745 7 -1
230 12 14400 16532 0 14960 23226 24 -1
231 -1 -1 -1 9 7200 25838 1 5
232 2 8640 20557 9 14918 24721 2 -1
233 9 1440 3886 8 1808 3886 3 -1
234 2 17280 25493 8 17280 37083 1 -1
235 -1 -1 -1 10 7200 8640 3 0
236 2 17280 23737 3 17280 26566 1 -1
237 5 17280 26954 11 21318 31942 8 -1
238 6 4320 9016 12 5183 14135 13 -1
239 9 14400 17703 4 14400 22924 3 -1
240 10 18720 26639 7 23348 36791 6 -1
241 12 7200 20255 3 18815 20255 13 -1
242 2 2880 8001 9 2880 12447 4 -1
243 -1 -1 -1 6 10080 23655 3 8
244 3 18720 22428 8 18720 29461 1 -1
245 12 14400 21643 11 17069 30401 14 -1
246 -1 -1 -1 8 7200 14307 7 3
247 11 0 6535 0 1321 10849 1 -1
248 9 5760 14444 10 12705 14444 2 -1
249 -1 -1 -1 4 11520 20550 10 2
#Distance_Matrix [row=from col=to] (given in meters)
0	64100	64700	59000	68800	198000	190300	53600	54000	70000	189700	174900	68200	64700	
64100	0	10900	6200	6800	135700	131800	14800	10400	5900	131300	116400	13500	10900	
64700	10900	0	5800	4100	135700	125600	15100	11000	6000	125000	110200	17300	0	
59000	6200	5800	0	9800	141400	131300	9300	5300	11700	130800	116000	11600	5800	
68800	6800	4100	9800	0	131600	125000	19100	15100	1900	124500	109600	20300	4100	
198000	135700	135700	141400	131600	0	233000	144400	146100	129800	232500	217700	149200	135700	
190300	131800	125600	131300	125000	233000	0	140600	136600	126700	2500	26200	142900	125600	
53600	14800	15100	9300	19100	144400	140600	0	4400	20700	140100	125300	16600	15100	
54000	10400	11000	5300	15100	146100	136600	4400	0	16300	136000	121200	15300	11000	
70000	5900	6000	11700	1900	129800	126700	20700	16300	0	126100	111300	19400	6000	
189700	131300	125000	130800	124500	232500	2500	140100	136000	126100	0	25600	142300	125000	
174900	116400	110200	116000	109600	217700	26200	125300	121200	111300	25600	0	127500	110200	
68200	13500	17300	11600	20300	149200	142900	16600	15300	19400	142300	127500	0	17300	
64700	10900	0	5800	4100	135700	125600	15100	11000	6000	125000	110200	17300	0	
