##Problem_info
speed(meters/minute): 333
coupling_time: 15
decoupling_time: 15
body_capacity: 100
max_bodies: 4
total_number_of_nodes: 14
total_number_of_vessels: 5
total_number_of_bodies: 10
total_number_of_requests: 300
unscheduled_cost_coefficient: 10000
service_time: 2
##Nodes [id is_swap_location]   (-2 is only swap location/transfer | 1 is customer that allow a body to be dropped)
0 1
1 1
2 1
3 1
4 1
5 1
6 1
7 1
8 1
9 1
10 1
11 1
12 1
13 -2
##Vessel [id start_location start_time]
0 5 191
1 4 110
2 2 74
3 1 13
4 12 13
##Bodies [id attached_to_vessel start_location]  (if -1 for attached_to_vessel: body starts detached)
0 4 12
1 1 4
2 3 1
3 2 2
4 0 5
5 0 5
6 4 12
7 0 5
8 4 12
9 2 2
##Requests [id pickup_location_id pickup_from pickup_to delivery_location_id delivery_from delivery_to num_containers at_body_id]
0 1 20160 24574 10 20160 33791 11 -1
1 7 7200 10373 3 7200 23437 13 -1
2 7 11520 19552 6 14418 19790 2 -1
3 10 7200 19797 3 15061 24028 18 -1
4 4 7200 17702 8 16217 29121 23 -1
5 11 7200 8640 9 10167 28581 1 -1
6 0 1440 9648 3 2497 9648 9 -1
7 -1 -1 -1 10 11520 13274 1 8
8 2 0 1440 6 0 18300 5 -1
9 -1 -1 -1 1 4320 15932 12 9
10 11 7200 12652 7 11637 25849 20 -1
11 2 4320 18666 3 13671 26192 9 -1
12 10 7200 8891 9 7200 19467 1 -1
13 12 11520 22160 3 11776 24173 3 -1
14 10 4320 12345 9 9003 22935 26 -1
15 -1 -1 -1 6 0 16341 19 7
16 5 11520 19095 12 11826 28994 6 -1
17 2 8640 18248 4 11409 18248 13 -1
18 10 0 5819 5 919 5819 8 -1
19 9 4320 6856 1 4320 13832 5 -1
20 10 7200 10815 3 7200 17508 36 -1
21 2 2880 4657 8 2880 14408 19 -1
22 10 5760 9974 5 6046 23238 28 -1
23 -1 -1 -1 10 1440 14034 3 9
24 7 14400 23417 6 16820 23417 15 -1
25 11 5760 7200 12 5760 17296 20 -1
26 -1 -1 -1 8 11520 20517 12 5
27 7 5760 8281 1 5760 10814 6 -1
28 12 8640 19469 5 8695 26164 14 -1
29 9 8640 19856 3 20722 28380 10 -1
30 1 5760 13358 4 11749 25134 8 -1
31 -1 -1 -1 0 12960 14524 10 5
32 0 2880 15111 3 8963 18834 12 -1
33 6 0 4451 10 1030 4451 20 -1
34 -1 -1 -1 6 2880 15544 6 8
35 12 0 7518 3 1554 10941 6 -1
36 7 15840 24594 6 20171 39706 15 -1
37 1 4320 12889 10 11244 19184 1 -1
38 12 1440 9237 3 5115 15171 14 -1
39 7 21600 26433 0 28632 34810 1 -1
40 5 11520 23140 8 15027 25010 13 -1
41 4 0 9598 1 849 10522 1 -1
42 4 5760 17502 6 14061 19157 3 -1
43 12 18720 25587 0 18762 27929 3 -1
44 -1 -1 -1 0 0 11957 14 3
45 12 2880 11339 9 9282 14908 1 -1
46 5 15840 21914 10 19557 32480 4 -1
47 2 18720 27614 -1 -1 -1 3 -1
48 10 12960 18976 7 14390 30929 28 -1
49 4 15840 24547 2 20799 24547 20 -1
50 4 2880 7836 1 2880 16325 3 -1
51 0 8640 19617 10 13200 28643 12 -1
52 3 8640 10080 11 8640 17735 1 -1
53 8 15840 19634 12 18194 19634 6 -1
54 0 5760 15457 10 7422 23765 4 -1
55 -1 -1 -1 5 20160 30166 4 2
56 5 12960 27744 -1 -1 -1 19 -1
57 11 8640 18690 12 18646 25856 12 -1
58 0 18720 24050 3 19976 24050 2 -1
59 0 12960 27712 -1 -1 -1 5 -1
60 -1 -1 -1 10 14400 28025 1 7
61 -1 -1 -1 4 5760 10768 32 9
62 6 14400 23476 0 18936 23476 22 -1
63 3 11520 20009 6 17361 25879 23 -1
64 4 14400 23433 0 18816 30419 7 -1
65 0 10080 11520 2 10080 20359 7 -1
66 7 0 7173 4 926 9655 10 -1
67 3 18720 25740 11 18720 26644 6 -1
68 9 21600 26764 11 21600 33223 11 -1
69 -1 -1 -1 10 10080 19834 15 1
70 -1 -1 -1 10 0 10580 36 1
71 1 20160 24635 12 20160 32360 9 -1
72 8 15840 17280 1 15840 25418 28 -1
73 -1 -1 -1 10 4320 11630 20 3
74 -1 -1 -1 7 4320 12356 8 3
75 -1 -1 -1 8 11520 17486 25 5
76 12 1440 2880 0 1440 2880 25 -1
77 -1 -1 -1 6 20160 30322 18 9
78 3 8640 21714 11 15632 32119 10 -1
79 0 1440 9013 11 2560 9013 12 -1
80 11 1440 13307 8 10331 26362 14 -1
81 6 1440 12329 9 9213 23028 9 -1
82 4 0 1440 9 0 11313 12 -1
83 3 14400 19863 11 14400 32636 5 -1
84 3 20160 24759 4 20656 24759 6 -1
85 7 20160 22829 1 21754 32120 15 -1
86 8 10080 12310 1 10080 23743 8 -1
87 2 17280 19132 9 17280 22078 17 -1
88 2 10080 22220 12 16590 31399 20 -1
89 0 11520 17417 7 13576 17417 1 -1
90 8 0 17489 7 18110 26443 21 -1
91 7 8640 24127 1 12945 29680 10 -1
92 -1 -1 -1 2 18720 25267 20 2
93 4 15840 20924 9 15840 23215 1 -1
94 6 10080 23325 5 18733 23325 2 -1
95 -1 -1 -1 8 7200 16043 3 5
96 -1 -1 -1 8 23040 35316 27 5
97 -1 -1 -1 2 20160 31264 11 8
98 6 17280 28187 -1 -1 -1 16 -1
99 9 17280 18720 10 17280 28605 23 -1
100 6 18720 23133 1 18720 30306 6 -1
101 4 18720 26473 9 18720 27779 25 -1
102 -1 -1 -1 12 1440 10866 2 7
103 -1 -1 -1 0 8640 21150 2 9
104 -1 -1 -1 10 1440 10612 23 5
105 -1 -1 -1 12 20160 35772 6 0
106 1 2880 13173 3 7744 18026 22 -1
107 10 24480 25920 5 24480 32641 10 -1
108 -1 -1 -1 8 12960 20731 6 0
109 -1 -1 -1 6 15840 30178 11 4
110 10 2880 15388 0 11747 16177 7 -1
111 0 0 10082 8 0 14644 6 -1
112 5 1440 8153 10 6108 13422 10 -1
113 2 7200 15389 4 8247 15389 16 -1
114 9 8640 13790 2 8640 19372 16 -1
115 8 11520 14682 10 11520 23475 8 -1
116 -1 -1 -1 4 11520 21402 4 7
117 -1 -1 -1 1 18720 34474 17 2
118 7 24480 25920 3 24480 37034 2 -1
119 12 2880 8235 8 4546 14784 11 -1
120 3 10080 15887 9 10080 22596 3 -1
121 12 15840 17280 3 15840 17280 4 -1
122 9 21600 23950 8 21600 29313 15 -1
123 7 2880 10607 2 5062 22602 15 -1
124 1 8640 14985 0 8640 18927 19 -1
125 12 5760 12190 0 7275 18408 22 -1
126 0 1440 3366 6 1726 14251 6 -1
127 4 12960 20736 1 15529 22601 12 -1
128 4 4320 16335 5 12496 21046 1 -1
129 11 11520 14734 4 15308 20704 1 -1
130 11 12960 19726 10 14637 27536 7 -1
131 4 4320 17962 6 12458 26300 3 -1
132 -1 -1 -1 9 12960 31534 15 0
133 -1 -1 -1 7 17280 28281 23 2
134 5 11520 24332 11 18685 35243 22 -1
135 8 2880 16712 7 10142 16712 27 -1
136 9 0 7060 5 4606 8905 25 -1
137 5 14400 20484 0 17032 21055 14 -1
138 11 14400 26902 3 19945 30468 22 -1
139 -1 -1 -1 10 5760 18677 9 8
140 6 10080 22818 8 22483 25739 10 -1
141 6 23040 24666 5 23040 38688 6 -1
142 3 11520 16780 0 11520 20744 3 -1
143 11 0 4256 4 1755 5647 8 -1
144 4 4320 16803 6 13018 29639 1 -1
145 10 17280 23705 6 19770 25087 12 -1
146 6 5760 11752 11 6507 11863 1 -1
147 -1 -1 -1 9 21600 39440 16 9
148 6 21600 25308 11 21600 30352 8 -1
149 10 11520 18356 5 20452 32266 21 -1
150 8 1440 11893 4 5616 16323 3 -1
151 3 21600 28581 -1 -1 -1 8 -1
152 2 17280 25322 6 17280 32057 4 -1
153 5 20160 26014 9 24528 26014 1 -1
154 -1 -1 -1 4 14400 25048 10 1
155 2 5760 10515 4 5760 11197 28 -1
156 11 12960 17424 3 12960 19736 17 -1
157 -1 -1 -1 6 17280 26491 7 9
158 3 1440 8882 9 1870 13866 26 -1
159 -1 -1 -1 11 1440 9357 19 4
160 -1 -1 -1 7 5760 10855 1 0
161 5 5760 10669 3 5762 10669 10 -1
162 11 20160 28412 -1 -1 -1 15 -1
163 12 2880 7249 1 2880 11330 11 -1
164 -1 -1 -1 11 7200 23889 1 9
165 -1 -1 -1 6 11520 13322 1 8
166 4 23040 25359 10 23040 33293 6 -1
167 9 8640 14094 2 8916 15401 27 -1
168 7 10080 23301 6 14090 23926 5 -1
169 3 11520 13152 4 11520 24030 13 -1
170 -1 -1 -1 10 17280 32147 4 8
171 1 1440 10732 7 9197 14133 9 -1
172 -1 -1 -1 10 12960 33015 12 8
173 0 7200 16716 2 15716 19823 8 -1
174 10 5760 10553 9 5760 22767 8 -1
175 9 24480 25920 11 24480 33424 6 -1
176 1 10080 16409 9 10080 19254 18 -1
177 4 12960 24170 7 21242 30816 16 -1
178 2 8640 24346 11 20155 31715 8 -1
179 10 15840 23021 6 15840 29132 15 -1
180 -1 -1 -1 1 18720 20392 13 6
181 1 0 11800 3 5432 11800 18 -1
182 7 7200 19706 12 16363 31524 10 -1
183 7 25920 28046 -1 -1 -1 18 -1
184 12 4320 17281 6 8503 24427 20 -1
185 -1 -1 -1 0 4320 15484 26 0
186 0 7200 8640 2 7200 28200 1 -1
187 2 7200 18896 4 15321 18896 12 -1
188 5 11520 13678 4 11520 23969 12 -1
189 -1 -1 -1 7 15840 21881 2 9
190 1 1440 7111 3 2411 8165 9 -1
191 -1 -1 -1 8 5760 8166 1 8
192 9 20160 25780 8 22353 33748 9 -1
193 1 25920 28300 -1 -1 -1 1 -1
194 -1 -1 -1 8 2880 4320 20 1
195 -1 -1 -1 2 8640 11699 5 4
196 1 23040 26895 7 23931 30345 15 -1
197 11 0 7127 2 4903 24051 16 -1
198 -1 -1 -1 6 12960 19142 2 1
199 1 4320 9345 9 4436 12976 42 -1
200 -1 -1 -1 9 21600 36287 1 3
201 8 10080 11520 11 10080 23129 4 -1
202 9 1440 5434 5 1440 12379 11 -1
203 -1 -1 -1 12 10080 23852 5 0
204 -1 -1 -1 1 12960 19007 13 6
205 12 14400 21121 0 14400 24822 8 -1
206 -1 -1 -1 6 27360 31925 16 3
207 -1 -1 -1 12 11520 31656 3 4
208 1 7200 10613 11 7200 16697 18 -1
209 0 11520 13194 10 11520 25683 10 -1
210 6 23040 28727 -1 -1 -1 12 -1
211 1 2880 4320 4 2880 13389 15 -1
212 10 1440 7715 5 4471 14106 18 -1
213 -1 -1 -1 3 4320 10833 14 1
214 1 10080 11520 4 10609 29653 17 -1
215 4 14400 26566 8 21023 28927 13 -1
216 -1 -1 -1 3 8640 10704 3 1
217 1 4320 11367 12 4320 17194 6 -1
218 -1 -1 -1 11 4320 14049 1 2
219 -1 -1 -1 9 4320 12714 12 4
220 2 11520 17135 7 15940 26941 14 -1
221 8 11520 24850 0 25047 37163 18 -1
222 3 10080 15143 4 12462 23095 3 -1
223 6 11520 17775 4 11520 25549 12 -1
224 9 4320 5948 4 4320 10140 2 -1
225 0 12960 14400 2 17166 24216 9 -1
226 7 17280 19601 5 18161 19601 4 -1
227 4 7200 15454 11 9411 22160 1 -1
228 0 14400 20644 4 17030 23120 23 -1
229 10 23040 24480 3 23040 33389 1 -1
230 -1 -1 -1 5 10080 18038 8 0
231 -1 -1 -1 7 2880 9297 7 4
232 5 15840 28473 -1 -1 -1 18 -1
233 5 20160 28289 -1 -1 -1 1 -1
234 -1 -1 -1 10 20160 31951 2 6
235 0 23040 24480 4 23694 32579 20 -1
236 7 8640 20628 5 19188 20628 1 -1
237 10 18720 26715 3 19286 31260 24 -1
238 4 15840 23126 5 18107 26088 2 -1
239 9 18720 25310 4 22329 25310 19 -1
240 10 15840 18210 2 15840 29372 34 -1
241 -1 -1 -1 12 20160 32966 24 2
242 2 4320 10572 4 6104 10572 6 -1
243 10 20160 22941 11 20183 27540 22 -1
244 5 1440 13888 11 12448 13888 5 -1
245 3 18720 20160 1 18720 32269 13 -1
246 -1 -1 -1 9 14400 22211 7 9
247 6 20160 27370 -1 -1 -1 13 -1
248 2 10080 19819 4 12857 23230 6 -1
249 11 15840 17982 6 15840 23865 9 -1
250 -1 -1 -1 6 5760 12317 3 6
251 1 4320 16566 7 13706 19870 2 -1
252 1 7200 13160 2 7200 18625 2 -1
253 -1 -1 -1 9 20160 28711 20 6
254 8 27360 28800 -1 -1 -1 8 -1
255 9 15840 22403 2 16948 28135 18 -1
256 -1 -1 -1 3 0 21000 13 7
257 7 2880 11961 2 4839 11961 29 -1
258 1 11520 15011 10 11520 21101 31 -1
259 9 20160 22968 8 20160 27594 21 -1
260 2 7200 14362 10 8760 17570 17 -1
261 1 17280 22146 10 19951 22146 8 -1
262 2 23040 27747 -1 -1 -1 11 -1
263 12 11520 18220 2 13475 18942 35 -1
264 2 7200 16598 9 14132 24930 1 -1
265 -1 -1 -1 8 5760 9485 12 3
266 2 18720 26985 8 23712 26985 3 -1
267 -1 -1 -1 12 20160 30613 6 3
268 -1 -1 -1 11 10080 21098 31 4
269 -1 -1 -1 7 0 10686 1 4
270 11 20160 23217 5 20160 27978 39 -1
271 0 14400 17113 9 14400 22646 14 -1
272 -1 -1 -1 7 1440 11778 10 8
273 3 0 5915 11 542 5998 16 -1
274 -1 -1 -1 5 7200 11588 2 2
275 -1 -1 -1 6 8640 11505 3 6
276 -1 -1 -1 8 1440 6270 10 8
277 11 8640 12925 5 10209 23037 16 -1
278 11 12960 18059 0 15574 30381 9 -1
279 11 4320 11300 0 4841 24276 22 -1
280 0 1440 3004 2 1440 13938 10 -1
281 9 0 6534 2 3074 16543 23 -1
282 -1 -1 -1 10 7200 20098 21 0
283 -1 -1 -1 7 10080 22115 11 8
284 4 1440 3767 10 1440 11344 2 -1
285 4 7200 18373 5 11779 23061 5 -1
286 -1 -1 -1 6 11520 16821 7 6
287 12 2880 5830 10 2880 10054 12 -1
288 1 1440 13086 8 9062 22053 3 -1
289 1 17280 26472 10 17313 26472 5 -1
290 8 20160 24607 12 20160 26511 12 -1
291 11 10080 17034 1 10080 27068 10 -1
292 9 14400 22573 5 14400 22650 7 -1
293 0 7200 18381 10 13388 26906 1 -1
294 6 1440 10010 5 10421 23219 2 -1
295 -1 -1 -1 0 8640 16721 7 8
296 3 1440 2880 9 1440 10604 4 -1
297 5 11520 22317 10 20083 29780 5 -1
298 -1 -1 -1 12 10080 18232 2 8
299 1 0 3322 4 0 5633 14 -1
#Distance_Matrix [row=from col=to] (given in meters)
0	64100	64700	59000	68800	198000	190300	53600	54000	70000	189700	174900	68200	64700	
64100	0	10900	6200	6800	135700	131800	14800	10400	5900	131300	116400	13500	10900	
64700	10900	0	5800	4100	135700	125600	15100	11000	6000	125000	110200	17300	0	
59000	6200	5800	0	9800	141400	131300	9300	5300	11700	130800	116000	11600	5800	
68800	6800	4100	9800	0	131600	125000	19100	15100	1900	124500	109600	20300	4100	
198000	135700	135700	141400	131600	0	233000	144400	146100	129800	232500	217700	149200	135700	
190300	131800	125600	131300	125000	233000	0	140600	136600	126700	2500	26200	142900	125600	
53600	14800	15100	9300	19100	144400	140600	0	4400	20700	140100	125300	16600	15100	
54000	10400	11000	5300	15100	146100	136600	4400	0	16300	136000	121200	15300	11000	
70000	5900	6000	11700	1900	129800	126700	20700	16300	0	126100	111300	19400	6000	
189700	131300	125000	130800	124500	232500	2500	140100	136000	126100	0	25600	142300	125000	
174900	116400	110200	116000	109600	217700	26200	125300	121200	111300	25600	0	127500	110200	
68200	13500	17300	11600	20300	149200	142900	16600	15300	19400	142300	127500	0	17300	
64700	10900	0	5800	4100	135700	125600	15100	11000	6000	125000	110200	17300	0	
