##Problem_info
speed(meters/minute): 333
coupling_time: 15
decoupling_time: 15
body_capacity: 100
max_bodies: 4
total_number_of_nodes: 14
total_number_of_vessels: 5
total_number_of_bodies: 10
total_number_of_requests: 300
unscheduled_cost_coefficient: 10000
service_time: 2
##Nodes [id is_swap_location]   (-2 is only swap location/transfer | 1 is customer that allow a body to be dropped)
0 1
1 1
2 1
3 1
4 1
5 1
6 1
7 1
8 1
9 1
10 1
11 1
12 1
13 -2
##Vessel [id start_location start_time]
0 12 185
1 10 2
2 9 4
3 8 0
4 7 139
##Bodies [id attached_to_vessel start_location]  (if -1 for attached_to_vessel: body starts detached)
0 0 12
1 4 7
2 2 9
3 1 10
4 3 8
5 4 7
6 4 7
7 3 8
8 2 9
9 0 12
##Requests [id pickup_location_id pickup_from pickup_to delivery_location_id delivery_from delivery_to num_containers at_body_id]
0 7 5760 12292 9 10807 24099 5 -1
1 10 2880 4517 8 2880 13582 6 -1
2 -1 -1 -1 4 14400 33745 18 4
3 7 15840 25863 12 16629 26624 13 -1
4 -1 -1 -1 1 20160 32306 7 9
5 10 10080 21405 6 21500 31400 7 -1
6 -1 -1 -1 9 15840 24920 2 1
7 8 0 5265 4 2215 14407 23 -1
8 9 15840 17920 10 15840 26504 4 -1
9 5 20160 26744 3 23997 32072 10 -1
10 7 20160 27711 -1 -1 -1 15 -1
11 8 17280 24756 12 21363 35272 11 -1
12 -1 -1 -1 8 21600 29541 4 8
13 7 10080 15963 12 10783 20819 4 -1
14 5 11520 23815 1 20286 31883 19 -1
15 -1 -1 -1 1 1440 7020 12 6
16 -1 -1 -1 2 8640 21105 1 3
17 6 5760 11340 7 9900 11340 3 -1
18 2 5760 7200 5 5760 19129 4 -1
19 0 4320 8742 5 4320 14081 1 -1
20 9 0 7787 6 2593 16984 7 -1
21 7 24480 26828 5 24480 38967 8 -1
22 -1 -1 -1 10 12960 17417 20 6
23 5 0 1440 3 0 15725 7 -1
24 6 17280 28565 -1 -1 -1 14 -1
25 4 10080 20594 8 15103 26832 9 -1
26 5 17280 21815 1 17280 33334 22 -1
27 8 4320 6549 0 7514 17935 7 -1
28 7 0 9868 8 4802 18261 11 -1
29 1 14400 20429 2 18061 21726 4 -1
30 2 12960 19551 9 12960 19947 9 -1
31 9 0 12649 7 0 15634 23 -1
32 -1 -1 -1 6 4320 7977 11 0
33 -1 -1 -1 10 0 12540 22 6
34 -1 -1 -1 0 12960 21012 2 5
35 12 18720 25679 11 20594 28999 16 -1
36 0 5760 11992 3 8838 11992 13 -1
37 -1 -1 -1 0 2880 14282 24 3
38 12 2880 10230 0 4097 10230 2 -1
39 10 12960 18319 3 15447 27019 10 -1
40 2 20160 25721 6 20665 32869 1 -1
41 12 1440 14641 1 7795 20238 5 -1
42 10 8640 19195 8 16196 26643 1 -1
43 7 0 10615 3 5118 20381 3 -1
44 8 14400 24098 6 14400 24117 6 -1
45 -1 -1 -1 1 1440 15470 16 2
46 3 27360 28800 -1 -1 -1 26 -1
47 3 4320 21294 12 13829 26007 4 -1
48 -1 -1 -1 0 5760 10588 2 7
49 -1 -1 -1 10 10080 27392 26 0
50 3 14400 22858 2 20011 30598 3 -1
51 10 12960 14400 11 12960 22044 14 -1
52 0 2880 7466 7 4756 13228 3 -1
53 -1 -1 -1 9 23040 32363 1 4
54 -1 -1 -1 8 7200 11977 26 3
55 -1 -1 -1 9 11520 25990 25 2
56 2 10080 19847 12 13014 29775 7 -1
57 -1 -1 -1 1 18720 23781 23 4
58 -1 -1 -1 2 5760 20486 2 5
59 0 14400 19563 11 14400 23070 19 -1
60 0 18720 27621 -1 -1 -1 1 -1
61 4 7200 17449 7 12239 28403 1 -1
62 1 10080 18466 9 13685 21505 13 -1
63 8 20160 24503 6 20472 25985 5 -1
64 8 10080 17166 1 15590 21089 5 -1
65 -1 -1 -1 4 10080 31080 19 0
66 -1 -1 -1 10 7200 20403 8 5
67 2 1440 12789 0 5737 21242 1 -1
68 8 15840 18848 9 15840 31327 38 -1
69 1 8640 23139 2 16598 23442 7 -1
70 0 8640 10080 2 10216 23529 7 -1
71 8 15840 23857 4 19531 36327 7 -1
72 2 0 11501 11 9268 21515 3 -1
73 1 5760 7692 10 5760 15616 13 -1
74 10 14400 20987 6 18899 20987 4 -1
75 3 1440 9492 12 1440 13898 17 -1
76 11 2880 5225 6 2880 15855 16 -1
77 -1 -1 -1 4 10080 18987 5 6
78 9 14400 19417 2 14749 19417 12 -1
79 9 18720 22735 6 18720 31324 18 -1
80 7 17280 24128 6 19830 24128 22 -1
81 -1 -1 -1 2 23040 30329 15 8
82 5 7200 11004 2 10899 16069 17 -1
83 0 18720 26737 11 22966 26737 18 -1
84 2 0 11162 0 4895 18978 11 -1
85 4 11520 23043 0 19944 27457 20 -1
86 11 24480 25920 6 24480 39310 11 -1
87 -1 -1 -1 9 2880 17466 8 9
88 11 4320 12652 12 8099 12652 10 -1
89 -1 -1 -1 10 0 7972 12 0
90 -1 -1 -1 3 0 13064 10 8
91 1 10080 15851 12 10677 15851 29 -1
92 3 11520 24365 11 15717 28705 16 -1
93 8 4320 9904 7 8527 21053 1 -1
94 -1 -1 -1 7 11520 15985 18 6
95 12 1440 4182 5 1440 17228 4 -1
96 2 14400 20748 0 14400 23055 9 -1
97 8 10080 13642 4 10080 20575 9 -1
98 -1 -1 -1 2 18720 30906 1 6
99 9 24480 27668 -1 -1 -1 8 -1
100 -1 -1 -1 12 14400 19333 23 4
101 7 0 2519 11 667 7971 9 -1
102 -1 -1 -1 5 17280 26040 12 1
103 -1 -1 -1 11 0 5803 17 9
104 11 15840 28491 -1 -1 -1 3 -1
105 -1 -1 -1 11 1440 14103 1 0
106 7 14400 25029 3 21028 38574 3 -1
107 -1 -1 -1 2 12960 23657 23 8
108 -1 -1 -1 10 17280 25089 3 5
109 12 17280 18720 5 17280 19676 21 -1
110 8 0 3378 7 0 13824 7 -1
111 -1 -1 -1 10 8640 13503 4 2
112 3 18720 23694 9 18720 30056 21 -1
113 -1 -1 -1 4 1440 7589 19 3
114 9 15840 24415 5 21540 30682 6 -1
115 12 20160 26450 5 23260 41339 4 -1
116 10 7200 17123 3 12362 17123 6 -1
117 8 5760 10836 6 5760 21439 5 -1
118 8 18720 20199 3 18720 27533 7 -1
119 -1 -1 -1 11 8640 20877 22 6
120 6 21600 23533 12 21600 35861 12 -1
121 10 7200 21874 6 19603 30261 3 -1
122 9 20160 27763 -1 -1 -1 27 -1
123 4 17280 20856 8 19097 33666 1 -1
124 -1 -1 -1 8 8640 25885 23 8
125 -1 -1 -1 7 8640 17115 17 0
126 1 7200 13405 10 9817 19281 7 -1
127 -1 -1 -1 5 10080 14431 2 2
128 7 1440 18026 10 10395 25479 1 -1
129 0 4320 13662 12 9236 13662 12 -1
130 10 5760 13069 3 8775 15413 23 -1
131 9 10080 20876 7 20445 28875 28 -1
132 -1 -1 -1 9 2880 19837 8 7
133 3 4320 13162 6 11722 13162 1 -1
134 12 18720 22397 6 18720 32064 3 -1
135 -1 -1 -1 12 14400 29567 4 1
136 8 11520 15679 7 12262 29044 21 -1
137 6 18720 23862 8 18720 24261 13 -1
138 -1 -1 -1 7 14400 18604 30 7
139 7 24480 27217 8 24480 29853 3 -1
140 4 7200 18349 9 16909 18349 3 -1
141 5 11520 22988 9 15902 27104 18 -1
142 8 2880 8306 1 6760 12761 5 -1
143 -1 -1 -1 1 23040 31786 13 0
144 7 20160 21633 1 20160 33331 1 -1
145 8 12960 27139 12 23663 34646 18 -1
146 4 0 7855 1 6328 15985 12 -1
147 -1 -1 -1 9 8640 15564 4 5
148 6 20160 28533 -1 -1 -1 24 -1
149 7 23040 24870 12 23040 31888 1 -1
150 6 1440 13242 3 7007 15696 12 -1
151 0 11520 24268 1 20172 34317 14 -1
152 -1 -1 -1 2 12960 22550 9 9
153 1 12960 16373 7 18481 31296 1 -1
154 8 4320 6509 5 4320 19329 4 -1
155 7 4320 9003 4 4334 10326 1 -1
156 9 10080 12702 8 10080 13025 9 -1
157 1 0 8636 0 3566 18262 12 -1
158 4 7200 17695 0 16255 17695 12 -1
159 7 7200 23270 0 18959 28542 16 -1
160 9 4320 16673 8 11438 25015 4 -1
161 7 21600 23956 0 21600 31192 13 -1
162 -1 -1 -1 11 1440 7089 7 7
163 7 2880 5221 2 3511 5221 2 -1
164 1 14400 22126 9 16838 26874 14 -1
165 2 2880 9384 4 4506 9384 16 -1
166 -1 -1 -1 3 1440 9510 11 4
167 1 8640 15322 8 13202 25302 4 -1
168 3 10080 13762 7 10080 23929 12 -1
169 -1 -1 -1 9 4320 21048 19 1
170 2 5760 13285 5 7246 18411 21 -1
171 10 1440 5998 8 4188 14274 7 -1
172 10 15840 24874 6 17737 26775 17 -1
173 3 7200 9454 6 7200 20008 2 -1
174 8 17280 22802 5 18905 22802 25 -1
175 3 14400 21588 4 21560 33524 1 -1
176 11 10080 17371 3 13567 26063 18 -1
177 -1 -1 -1 6 8640 24901 8 8
178 -1 -1 -1 12 2880 18969 10 9
179 1 12960 14400 7 12960 16606 1 -1
180 7 5760 20262 9 17300 36188 10 -1
181 4 1440 10743 5 5279 17574 9 -1
182 -1 -1 -1 3 0 7766 27 9
183 10 1440 10186 7 1440 12673 7 -1
184 9 15840 23423 7 20668 36871 13 -1
185 2 10080 18659 5 10777 22216 11 -1
186 12 8640 10080 3 8640 14330 8 -1
187 3 25920 27360 6 25920 38406 27 -1
188 0 18720 23235 12 18720 31302 12 -1
189 -1 -1 -1 6 18720 35672 27 1
190 3 2880 14806 7 12658 30535 1 -1
191 -1 -1 -1 6 14400 24814 6 3
192 2 14400 25412 6 22311 35944 23 -1
193 10 18720 23966 6 21202 30556 4 -1
194 3 18720 21912 8 18720 36064 3 -1
195 9 8640 17406 1 11973 18966 8 -1
196 1 24480 28729 -1 -1 -1 2 -1
197 3 1440 8969 7 5897 17868 9 -1
198 6 23040 28008 -1 -1 -1 2 -1
199 0 0 1909 3 0 16032 24 -1
200 12 11520 21679 9 11520 30398 2 -1
201 7 11520 18240 5 14332 24414 11 -1
202 10 27360 28800 -1 -1 -1 16 -1
203 6 11520 20856 11 11520 22018 8 -1
204 8 5760 9842 10 5760 11711 24 -1
205 7 12960 18500 3 18293 29951 4 -1
206 7 8640 14710 9 12479 20888 6 -1
207 11 11520 20399 4 15368 20399 1 -1
208 3 18720 26749 11 21144 27211 3 -1
209 -1 -1 -1 10 11520 20311 18 2
210 -1 -1 -1 3 12960 28196 13 8
211 -1 -1 -1 7 11520 17631 15 1
212 7 17280 26887 5 25447 26887 2 -1
213 -1 -1 -1 1 10080 13421 17 9
214 -1 -1 -1 0 21600 38979 1 8
215 4 4320 5760 8 4320 21109 6 -1
216 7 21600 27567 -1 -1 -1 1 -1
217 -1 -1 -1 12 18720 32875 3 9
218 4 21600 25965 6 21600 31996 18 -1
219 11 12960 14844 1 12960 22296 14 -1
220 6 0 11630 10 8497 23058 21 -1
221 5 12960 17081 8 15908 29645 12 -1
222 6 8640 12749 11 9451 17716 7 -1
223 1 8640 18414 9 11006 20328 17 -1
224 -1 -1 -1 5 12960 23608 5 1
225 10 10080 14541 3 14157 24133 27 -1
226 3 14400 21339 9 20809 22656 2 -1
227 -1 -1 -1 4 1440 9982 13 3
228 3 1440 2897 2 1440 9790 1 -1
229 1 5760 15923 10 10840 15923 19 -1
230 -1 -1 -1 10 1440 6175 26 2
231 4 8640 22545 9 19374 25677 32 -1
232 7 1440 10702 6 5370 10702 23 -1
233 12 14400 23785 8 18661 30264 2 -1
234 9 15840 25459 4 19656 30323 4 -1
235 6 0 12626 11 7669 22487 17 -1
236 -1 -1 -1 1 23040 31367 4 4
237 -1 -1 -1 0 15840 25169 4 3
238 -1 -1 -1 7 12960 24794 20 4
239 5 11520 17149 0 11520 28158 18 -1
240 -1 -1 -1 11 20160 30957 9 2
241 3 1440 10809 4 7980 13445 20 -1
242 8 12960 14400 12 12960 17541 8 -1
243 4 21600 26833 11 24209 31151 5 -1
244 6 4320 6078 2 4320 18469 5 -1
245 4 4320 14598 9 6516 14641 17 -1
246 -1 -1 -1 4 14400 28583 22 7
247 5 1440 5540 6 1440 8720 16 -1
248 2 8640 11898 10 8640 24357 9 -1
249 12 0 1440 11 0 12143 3 -1
250 0 12960 24581 7 19942 24581 5 -1
251 5 14400 15840 0 14400 23462 12 -1
252 1 4320 8187 0 4320 20597 16 -1
253 -1 -1 -1 5 1440 12984 12 7
254 0 10080 14570 7 10820 18843 18 -1
255 9 1440 8722 11 1604 14350 23 -1
256 4 10080 24391 7 20438 24391 22 -1
257 -1 -1 -1 12 4320 12577 36 5
258 -1 -1 -1 11 10080 13800 7 7
259 0 8640 11623 5 11130 12570 9 -1
260 8 15840 25288 11 21267 30891 13 -1
261 8 5760 13323 12 8413 15744 11 -1
262 4 21600 23947 9 23020 35835 11 -1
263 3 15840 28428 -1 -1 -1 4 -1
264 5 4320 15626 8 19303 26898 1 -1
265 12 14400 22165 11 16277 26161 14 -1
266 10 2880 6717 0 3575 14176 24 -1
267 11 0 1462 5 0 7346 18 -1
268 12 5760 10640 8 5760 13695 9 -1
269 6 7200 12754 12 7200 15700 13 -1
270 -1 -1 -1 5 8640 25227 12 7
271 10 23040 24480 12 23040 34646 18 -1
272 -1 -1 -1 10 5760 7653 8 5
273 8 23040 25986 9 23040 44040 9 -1
274 3 2880 4630 6 2880 11302 7 -1
275 -1 -1 -1 2 8640 24961 11 1
276 -1 -1 -1 0 14400 20591 17 5
277 12 2880 17882 9 11332 17882 21 -1
278 10 5760 12307 12 9992 12307 4 -1
279 5 10080 16259 9 10080 17031 16 -1
280 11 12960 23354 5 20061 31525 1 -1
281 5 14400 22656 10 20289 29526 12 -1
282 3 15840 25735 2 20563 28279 12 -1
283 8 7200 19437 7 16142 27414 5 -1
284 -1 -1 -1 11 10080 13606 14 5
285 11 10080 18985 0 11356 20878 16 -1
286 -1 -1 -1 4 14400 20334 6 3
287 11 21600 27920 -1 -1 -1 4 -1
288 7 7200 10438 1 7494 18663 7 -1
289 10 10080 11520 7 10248 21050 18 -1
290 4 1440 11225 5 5892 24423 2 -1
291 8 8640 20386 1 19858 26519 3 -1
292 0 21600 23040 6 21600 23686 6 -1
293 1 5760 10060 3 8563 10060 7 -1
294 7 0 1440 4 0 8069 19 -1
295 12 24480 27722 -1 -1 -1 20 -1
296 10 8640 17617 8 14953 17617 5 -1
297 7 10080 15213 10 10944 25724 11 -1
298 6 0 11963 2 4382 18885 27 -1
299 -1 -1 -1 12 17280 28557 2 8
#Distance_Matrix [row=from col=to] (given in meters)
0	64100	64700	59000	68800	198000	190300	53600	54000	70000	189700	174900	68200	64700	
64100	0	10900	6200	6800	135700	131800	14800	10400	5900	131300	116400	13500	10900	
64700	10900	0	5800	4100	135700	125600	15100	11000	6000	125000	110200	17300	0	
59000	6200	5800	0	9800	141400	131300	9300	5300	11700	130800	116000	11600	5800	
68800	6800	4100	9800	0	131600	125000	19100	15100	1900	124500	109600	20300	4100	
198000	135700	135700	141400	131600	0	233000	144400	146100	129800	232500	217700	149200	135700	
190300	131800	125600	131300	125000	233000	0	140600	136600	126700	2500	26200	142900	125600	
53600	14800	15100	9300	19100	144400	140600	0	4400	20700	140100	125300	16600	15100	
54000	10400	11000	5300	15100	146100	136600	4400	0	16300	136000	121200	15300	11000	
70000	5900	6000	11700	1900	129800	126700	20700	16300	0	126100	111300	19400	6000	
189700	131300	125000	130800	124500	232500	2500	140100	136000	126100	0	25600	142300	125000	
174900	116400	110200	116000	109600	217700	26200	125300	121200	111300	25600	0	127500	110200	
68200	13500	17300	11600	20300	149200	142900	16600	15300	19400	142300	127500	0	17300	
64700	10900	0	5800	4100	135700	125600	15100	11000	6000	125000	110200	17300	0	
