##Problem_info
speed(meters/minute): 333
coupling_time: 15
decoupling_time: 15
body_capacity: 100
max_bodies: 4
total_number_of_nodes: 14
total_number_of_vessels: 5
total_number_of_bodies: 10
total_number_of_requests: 300
unscheduled_cost_coefficient: 10000
service_time: 2
##Nodes [id is_swap_location]   (-2 is only swap location/transfer | 1 is customer that allow a body to be dropped)
0 1
1 1
2 1
3 1
4 1
5 1
6 1
7 1
8 1
9 1
10 1
11 1
12 1
13 -2
##Vessel [id start_location start_time]
0 9 2
1 7 3
2 6 0
3 4 44
4 8 12
##Bodies [id attached_to_vessel start_location]  (if -1 for attached_to_vessel: body starts detached)
0 2 6
1 1 7
2 0 9
3 3 4
4 4 8
5 3 4
6 1 7
7 0 9
8 1 7
9 0 9
##Requests [id pickup_location_id pickup_from pickup_to delivery_location_id delivery_from delivery_to num_containers at_body_id]
0 4 10080 14970 1 12893 18446 25 -1
1 -1 -1 -1 12 18720 35981 9 7
2 -1 -1 -1 1 8640 17875 13 2
3 8 20160 24669 2 20566 35350 3 -1
4 -1 -1 -1 0 12960 29396 9 7
5 5 8640 18093 10 13213 22866 1 -1
6 -1 -1 -1 0 0 15996 4 3
7 4 1440 8498 0 5557 8498 14 -1
8 9 17280 28798 -1 -1 -1 10 -1
9 2 2880 4320 10 3969 17706 18 -1
10 -1 -1 -1 0 20160 27172 22 5
11 10 10080 18038 6 16918 25749 13 -1
12 -1 -1 -1 12 12960 25974 19 3
13 -1 -1 -1 3 23040 33900 22 4
14 -1 -1 -1 12 14400 26003 24 3
15 5 8640 15836 9 15928 22861 3 -1
16 -1 -1 -1 8 5760 11771 16 2
17 0 11520 24706 3 19181 36401 1 -1
18 -1 -1 -1 6 4320 17462 8 8
19 -1 -1 -1 5 11520 12989 18 3
20 1 1440 7241 9 1440 10039 21 -1
21 -1 -1 -1 3 18720 28640 1 7
22 7 7200 14796 11 8206 23727 8 -1
23 0 15840 17280 12 15840 17280 4 -1
24 5 8640 24760 4 23320 24760 3 -1
25 -1 -1 -1 7 8640 24799 5 0
26 1 2880 12801 2 8274 18587 12 -1
27 -1 -1 -1 11 4320 10800 9 3
28 5 12960 20829 6 18233 25241 6 -1
29 -1 -1 -1 3 7200 14035 7 7
30 1 11520 21116 9 17436 21116 7 -1
31 12 15840 25838 5 23622 25838 24 -1
32 0 5760 16044 1 12070 30483 15 -1
33 -1 -1 -1 11 15840 28023 1 9
34 8 5760 13367 5 13584 20672 2 -1
35 -1 -1 -1 0 0 7060 8 5
36 -1 -1 -1 4 5760 11791 18 4
37 -1 -1 -1 11 14400 23124 3 8
38 6 5760 19241 11 12701 23438 10 -1
39 -1 -1 -1 12 27360 33024 1 8
40 10 18720 21042 4 18720 26992 4 -1
41 8 17280 19795 11 19297 39491 31 -1
42 12 20160 26314 8 24473 26314 12 -1
43 3 11520 15150 12 11520 22493 10 -1
44 0 0 2663 5 247 12817 2 -1
45 9 5760 9295 8 5760 17149 14 -1
46 8 12960 14671 10 12960 28281 18 -1
47 1 4320 5760 8 4320 19007 10 -1
48 7 15840 21115 6 18606 31012 11 -1
49 8 18720 27585 -1 -1 -1 1 -1
50 1 2880 8386 6 2880 16990 12 -1
51 1 14400 20054 9 15991 30235 2 -1
52 9 0 10993 2 2616 17440 8 -1
53 11 12960 26129 10 24460 33015 4 -1
54 -1 -1 -1 8 11520 25081 17 6
55 6 2880 4320 2 2880 14096 10 -1
56 5 4320 5760 4 4320 6495 9 -1
57 -1 -1 -1 4 0 11354 18 9
58 9 5760 7200 7 5760 18900 7 -1
59 1 15840 25509 0 22314 25509 8 -1
60 0 7200 20214 6 17900 28229 2 -1
61 3 14400 27481 -1 -1 -1 8 -1
62 -1 -1 -1 6 2880 19575 16 0
63 0 23040 28126 -1 -1 -1 3 -1
64 -1 -1 -1 2 0 5448 21 5
65 11 10080 11795 10 10080 26389 9 -1
66 0 7200 15612 7 15563 28046 16 -1
67 2 8640 15072 7 8640 18308 14 -1
68 8 4320 8799 9 4320 10540 8 -1
69 -1 -1 -1 0 18720 33907 1 4
70 10 18720 25624 5 18720 32009 29 -1
71 5 23040 25207 3 23040 28629 1 -1
72 6 21600 27110 5 24962 29472 22 -1
73 8 4320 8768 7 5707 20259 22 -1
74 0 10080 17521 12 15669 30146 8 -1
75 0 21600 24536 10 22435 24536 19 -1
76 -1 -1 -1 12 18720 31426 21 8
77 10 21600 25900 6 24120 33766 4 -1
78 11 15840 26809 8 19354 33124 8 -1
79 -1 -1 -1 1 5760 12991 6 5
80 8 1440 13944 4 10887 17460 5 -1
81 -1 -1 -1 1 11520 15127 15 2
82 4 20160 23255 12 20160 23574 9 -1
83 -1 -1 -1 4 15840 17488 19 2
84 4 0 9556 11 6088 9556 7 -1
85 5 5760 15362 6 10676 20005 11 -1
86 11 0 1440 3 0 14025 1 -1
87 0 5760 12067 11 13295 21724 3 -1
88 12 2880 4792 7 2880 5755 6 -1
89 3 11520 22444 8 18267 22444 2 -1
90 1 5760 11071 2 6371 16324 4 -1
91 -1 -1 -1 2 12960 28326 19 4
92 0 20160 21975 6 20160 32547 10 -1
93 1 2880 9670 4 9425 18850 14 -1
94 8 17280 27507 -1 -1 -1 14 -1
95 -1 -1 -1 10 21600 37199 14 3
96 0 4320 6459 12 4320 11392 15 -1
97 8 1440 8526 11 1440 15806 1 -1
98 -1 -1 -1 7 11520 25113 21 5
99 -1 -1 -1 9 1440 14271 1 3
100 -1 -1 -1 0 7200 19733 18 1
101 2 17280 21305 12 17280 32054 1 -1
102 4 15840 25013 2 22632 31079 1 -1
103 1 7200 10868 9 8713 20052 21 -1
104 1 18720 23464 3 18720 25011 2 -1
105 -1 -1 -1 7 12960 20058 15 7
106 5 25920 27360 6 25920 36544 11 -1
107 11 5760 16759 8 11939 21776 16 -1
108 1 4320 12342 5 4320 14303 11 -1
109 6 24480 28375 -1 -1 -1 8 -1
110 6 11520 19210 4 17979 32251 10 -1
111 10 1440 9045 4 3524 9045 16 -1
112 9 0 11067 12 6517 24929 20 -1
113 4 15840 23850 8 17643 27969 15 -1
114 1 7200 24743 0 24593 37624 19 -1
115 4 10080 13560 10 10080 26753 1 -1
116 6 10080 17908 11 10887 17908 18 -1
117 1 20160 27080 10 20160 27247 1 -1
118 -1 -1 -1 7 11520 19833 15 8
119 5 1440 8149 11 2450 12235 6 -1
120 1 7200 12979 4 8245 23395 5 -1
121 -1 -1 -1 0 23040 32655 15 5
122 -1 -1 -1 8 14400 31565 7 6
123 12 17280 27438 -1 -1 -1 1 -1
124 7 17280 25923 1 23999 25923 17 -1
125 0 14400 17491 8 14522 17491 4 -1
126 10 1440 8638 2 2745 19489 21 -1
127 3 4320 5760 8 4320 16928 15 -1
128 8 14400 15840 2 14400 25827 7 -1
129 8 21600 28610 -1 -1 -1 24 -1
130 5 4320 11516 6 5755 20021 19 -1
131 6 5760 10018 2 5760 13271 1 -1
132 6 15840 24344 1 17316 28995 13 -1
133 12 0 5800 1 0 5826 5 -1
134 4 10080 15254 1 11525 26440 30 -1
135 6 8640 12614 8 10830 30810 15 -1
136 2 5760 13462 5 6945 13462 10 -1
137 5 14400 25508 2 20907 37476 8 -1
138 -1 -1 -1 5 24480 45480 24 0
139 4 1440 2954 2 2043 17237 4 -1
140 12 0 2812 10 0 12952 19 -1
141 -1 -1 -1 6 8640 14470 1 7
142 6 7200 14602 1 10273 19178 15 -1
143 -1 -1 -1 7 12960 26979 16 9
144 11 2880 12269 10 9691 26733 9 -1
145 10 1440 13970 6 10147 14497 3 -1
146 -1 -1 -1 10 24480 34968 10 3
147 10 4320 7410 7 4320 21962 14 -1
148 -1 -1 -1 2 10080 12826 22 6
149 4 10080 11831 11 10080 19698 18 -1
150 -1 -1 -1 7 14400 29492 5 1
151 -1 -1 -1 8 17280 24917 4 8
152 6 7200 9560 3 7200 18438 2 -1
153 3 18720 24555 7 18798 26240 18 -1
154 -1 -1 -1 8 12960 17517 4 4
155 0 12960 16582 8 12960 29646 4 -1
156 6 12960 27470 -1 -1 -1 2 -1
157 0 27360 28800 -1 -1 -1 12 -1
158 6 4320 16400 10 14189 16400 32 -1
159 9 0 9927 7 2964 16214 8 -1
160 12 18720 25040 2 23600 25040 13 -1
161 1 24480 27683 -1 -1 -1 11 -1
162 9 0 1845 12 1653 10081 2 -1
163 10 14400 19307 12 14400 21952 1 -1
164 1 24480 28456 -1 -1 -1 17 -1
165 11 17280 18720 12 17280 26390 16 -1
166 3 7200 16612 10 11902 16612 9 -1
167 1 24480 26559 6 24480 32575 8 -1
168 12 10080 21529 6 19421 29726 5 -1
169 6 20160 28038 -1 -1 -1 15 -1
170 10 11520 15675 0 16937 24676 6 -1
171 6 20160 28169 -1 -1 -1 3 -1
172 9 4320 15219 12 13779 15219 27 -1
173 4 5760 20198 0 16601 26027 2 -1
174 12 18720 21819 0 18720 30573 21 -1
175 9 10080 15286 8 11026 19263 17 -1
176 5 11520 17639 3 18338 24153 25 -1
177 5 2880 13546 6 5337 16466 7 -1
178 9 10080 15849 0 15552 26184 18 -1
179 9 4320 6461 7 4320 10449 5 -1
180 8 15840 22213 4 18898 24715 13 -1
181 12 23040 28339 -1 -1 -1 3 -1
182 6 23040 25989 3 23040 34767 3 -1
183 -1 -1 -1 11 11520 17801 7 8
184 4 5760 11043 2 6017 16061 24 -1
185 -1 -1 -1 4 7200 17359 23 0
186 0 12960 16987 11 17005 29031 12 -1
187 12 7200 16360 1 9377 19561 28 -1
188 12 17280 23328 8 18270 26232 4 -1
189 4 12960 15593 12 14496 26257 3 -1
190 7 5760 16158 5 14118 19923 1 -1
191 1 12960 20629 11 14565 22793 16 -1
192 -1 -1 -1 3 24480 34375 3 1
193 7 11520 20135 4 11520 23729 11 -1
194 8 17280 25024 3 17280 28967 25 -1
195 8 2880 10745 9 8409 17980 15 -1
196 12 10080 23089 7 15741 23089 1 -1
197 9 8640 10707 6 8640 17338 15 -1
198 10 14400 22541 2 18331 36109 14 -1
199 9 10080 19095 8 16913 28175 15 -1
200 5 12960 16411 9 14087 18987 7 -1
201 -1 -1 -1 9 4320 17361 25 9
202 1 21600 23040 10 21600 29658 11 -1
203 -1 -1 -1 9 1440 12067 7 7
204 11 11520 15716 6 13236 25308 7 -1
205 0 11520 12960 3 11520 19453 2 -1
206 -1 -1 -1 3 2880 12664 4 0
207 10 15840 22856 9 19266 22856 12 -1
208 0 1440 8358 3 3732 18314 1 -1
209 11 2880 6794 2 2880 18011 1 -1
210 3 8640 16657 10 12471 23572 13 -1
211 -1 -1 -1 7 4320 13825 2 5
212 -1 -1 -1 10 15840 17348 16 8
213 -1 -1 -1 10 2880 4785 1 6
214 1 21600 25307 0 21600 30855 16 -1
215 3 1440 3041 0 1440 11165 16 -1
216 12 24480 25920 4 24480 36871 10 -1
217 -1 -1 -1 0 15840 22256 24 9
218 1 2880 9764 12 3530 12429 16 -1
219 7 14400 18062 6 19178 29291 9 -1
220 2 11520 22116 0 14444 25694 1 -1
221 -1 -1 -1 8 21600 35204 11 7
222 -1 -1 -1 5 20160 25687 4 2
223 3 11520 20751 10 14693 21818 8 -1
224 -1 -1 -1 11 21600 35224 12 7
225 4 8640 16238 7 12092 26283 15 -1
226 -1 -1 -1 9 10080 11520 6 1
227 6 18720 23238 5 24060 32398 14 -1
228 1 0 5652 0 27 5652 22 -1
229 2 23040 28021 -1 -1 -1 11 -1
230 -1 -1 -1 1 20160 41160 5 8
231 5 7200 13077 10 14057 21282 9 -1
232 4 7200 10720 12 7200 16364 29 -1
233 -1 -1 -1 11 2880 14163 23 6
234 4 18720 20410 9 18720 26486 3 -1
235 -1 -1 -1 11 20160 26903 4 1
236 4 0 9552 9 4113 19361 20 -1
237 11 4320 5760 0 5707 16343 10 -1
238 -1 -1 -1 9 18720 29390 17 8
239 -1 -1 -1 0 7200 24246 1 7
240 12 7200 14422 6 12371 16844 7 -1
241 -1 -1 -1 0 7200 11088 8 4
242 2 0 20520 7 18180 30196 6 -1
243 4 8640 14768 7 8640 16702 5 -1
244 1 5760 10898 2 5760 23044 12 -1
245 3 12960 18959 7 12960 23021 1 -1
246 0 10080 26966 7 20468 31195 18 -1
247 0 0 10242 9 3838 19076 19 -1
248 -1 -1 -1 7 1440 12169 12 7
249 -1 -1 -1 12 15840 23449 14 9
250 2 12960 22737 4 21297 22737 3 -1
251 -1 -1 -1 8 10080 19905 6 2
252 0 5760 12983 1 6837 19127 24 -1
253 -1 -1 -1 5 4320 18716 3 2
254 10 12960 14400 12 12960 30561 7 -1
255 -1 -1 -1 9 14400 29612 1 4
256 11 1440 12611 3 6409 13941 8 -1
257 0 17280 27671 -1 -1 -1 19 -1
258 12 2880 5770 4 4040 12542 2 -1
259 0 4320 9239 6 7070 16963 8 -1
260 1 5760 16844 0 14761 26970 7 -1
261 -1 -1 -1 9 17280 33846 8 6
262 -1 -1 -1 6 17280 24738 3 7
263 8 11520 20582 3 18702 26660 28 -1
264 5 11520 19973 9 14015 29089 18 -1
265 9 17280 27968 -1 -1 -1 1 -1
266 2 4320 9692 4 4320 16454 10 -1
267 11 8640 16833 9 12000 18676 11 -1
268 9 14400 25128 2 14400 26523 8 -1
269 7 10080 19944 8 10080 29468 37 -1
270 1 17280 28102 -1 -1 -1 21 -1
271 5 1440 11850 11 9213 11850 6 -1
272 7 11520 24788 3 17069 31649 14 -1
273 11 0 10522 10 7305 10522 5 -1
274 10 4320 20900 11 13505 24033 16 -1
275 6 4320 13809 8 8571 13809 8 -1
276 5 0 8749 9 0 13336 2 -1
277 8 21600 25083 5 23226 28799 5 -1
278 4 4320 15988 7 11002 17910 2 -1
279 -1 -1 -1 8 10080 16409 10 4
280 7 4320 9065 1 5396 12987 10 -1
281 4 0 7044 2 8453 18560 7 -1
282 -1 -1 -1 10 5760 20759 2 4
283 2 8640 16107 5 13303 23884 8 -1
284 7 12960 15783 6 12960 21988 10 -1
285 1 20160 21600 5 20160 24489 1 -1
286 8 10080 11520 7 10080 31080 3 -1
287 7 0 6329 4 2624 6329 3 -1
288 9 18720 23598 10 18720 23821 9 -1
289 0 17280 24407 4 17280 26199 19 -1
290 0 15840 17280 12 15840 19670 17 -1
291 0 23040 27102 7 23040 37219 7 -1
292 8 5760 11722 11 8602 24902 2 -1
293 -1 -1 -1 10 8640 26977 21 1
294 9 17280 21871 6 18182 28713 15 -1
295 5 2880 8980 4 3872 8980 7 -1
296 0 20160 24421 10 20160 34348 9 -1
297 5 1440 5006 0 1440 16627 1 -1
298 10 2880 4320 7 2880 21808 10 -1
299 7 20160 27630 -1 -1 -1 22 -1
#Distance_Matrix [row=from col=to] (given in meters)
0	64100	64700	59000	68800	198000	190300	53600	54000	70000	189700	174900	68200	64700	
64100	0	10900	6200	6800	135700	131800	14800	10400	5900	131300	116400	13500	10900	
64700	10900	0	5800	4100	135700	125600	15100	11000	6000	125000	110200	17300	0	
59000	6200	5800	0	9800	141400	131300	9300	5300	11700	130800	116000	11600	5800	
68800	6800	4100	9800	0	131600	125000	19100	15100	1900	124500	109600	20300	4100	
198000	135700	135700	141400	131600	0	233000	144400	146100	129800	232500	217700	149200	135700	
190300	131800	125600	131300	125000	233000	0	140600	136600	126700	2500	26200	142900	125600	
53600	14800	15100	9300	19100	144400	140600	0	4400	20700	140100	125300	16600	15100	
54000	10400	11000	5300	15100	146100	136600	4400	0	16300	136000	121200	15300	11000	
70000	5900	6000	11700	1900	129800	126700	20700	16300	0	126100	111300	19400	6000	
189700	131300	125000	130800	124500	232500	2500	140100	136000	126100	0	25600	142300	125000	
174900	116400	110200	116000	109600	217700	26200	125300	121200	111300	25600	0	127500	110200	
68200	13500	17300	11600	20300	149200	142900	16600	15300	19400	142300	127500	0	17300	
64700	10900	0	5800	4100	135700	125600	15100	11000	6000	125000	110200	17300	0	
