##Problem_info
speed(meters/minute): 333
coupling_time: 15
decoupling_time: 15
body_capacity: 100
max_bodies: 4
total_number_of_nodes: 14
total_number_of_vessels: 5
total_number_of_bodies: 10
total_number_of_requests: 50
unscheduled_cost_coefficient: 10000
service_time: 2
##Nodes [id is_swap_location]   (-2 is only swap location/transfer | 1 is customer that allow a body to be dropped)
0 1
1 1
2 1
3 1
4 1
5 1
6 1
7 1
8 1
9 1
10 1
11 1
12 1
13 -2
##Vessel [id start_location start_time]
0 5 115
1 4 138
2 2 2
3 1 57
4 0 3
##Bodies [id attached_to_vessel start_location]  (if -1 for attached_to_vessel: body starts detached)
0 0 5
1 4 0
2 2 2
3 3 1
4 1 4
5 4 0
6 2 2
7 1 4
8 0 5
9 4 0
##Requests [id pickup_location_id pickup_from pickup_to delivery_location_id delivery_from delivery_to num_containers at_body_id]
0 11 12960 18598 4 14679 18598 5 -1
1 9 1440 19617 1 15005 23978 3 -1
2 12 2880 21265 0 18509 21265 1 -1
3 3 7200 20971 9 19441 28063 6 -1
4 -1 -1 -1 10 2880 4320 14 6
5 -1 -1 -1 1 15840 22961 13 3
6 2 17280 26394 0 25358 36137 5 -1
7 3 2880 7196 11 3170 15592 18 -1
8 -1 -1 -1 9 1440 8350 27 7
9 8 2880 4500 4 2880 20897 16 -1
10 8 1440 10789 5 7474 10789 5 -1
11 4 4320 18114 10 17673 25830 8 -1
12 -1 -1 -1 9 11520 24802 17 8
13 5 10080 16558 3 10080 24437 2 -1
14 0 0 14079 7 7281 14079 15 -1
15 9 7200 16324 1 10123 16324 37 -1
16 12 5760 19033 0 13947 19033 3 -1
17 2 15840 21857 6 16800 31520 1 -1
18 -1 -1 -1 0 4320 14357 15 0
19 6 5760 10498 9 5760 14201 21 -1
20 2 15840 22555 11 15840 25122 24 -1
21 -1 -1 -1 3 10080 15551 15 9
22 -1 -1 -1 5 10080 27472 28 0
23 -1 -1 -1 4 8640 12112 1 7
24 3 11520 28634 -1 -1 -1 25 -1
25 5 0 12116 8 5744 12572 22 -1
26 6 15840 22514 4 17301 28069 7 -1
27 1 12960 24015 4 24361 35428 2 -1
28 4 14400 27530 -1 -1 -1 4 -1
29 7 15840 26297 12 28500 36475 12 -1
30 11 11520 19234 5 14700 29000 18 -1
31 2 1440 6129 12 1440 6151 15 -1
32 6 4320 12658 3 4508 12658 27 -1
33 2 11520 15477 8 11520 19598 6 -1
34 5 10080 14767 1 13566 29466 19 -1
35 2 2880 6235 4 4795 6235 10 -1
36 10 10080 22139 3 17396 22139 4 -1
37 2 24480 28770 -1 -1 -1 1 -1
38 12 8640 16783 11 11711 17348 1 -1
39 10 17280 18952 11 17280 32683 9 -1
40 9 14400 15840 8 14400 18289 18 -1
41 9 4320 8207 5 4320 14245 13 -1
42 7 5760 9325 4 5760 18035 20 -1
43 6 2880 16451 8 12547 24677 17 -1
44 1 12960 23206 5 19331 31565 13 -1
45 -1 -1 -1 0 1440 4841 12 9
46 0 15840 18257 5 15840 33322 8 -1
47 11 14400 21750 12 18346 24846 7 -1
48 4 5760 14892 2 12752 14892 9 -1
49 6 8640 19712 2 14654 24333 1 -1
#Distance_Matrix [row=from col=to] (given in meters)
0	64100	64700	59000	68800	198000	190300	53600	54000	70000	189700	174900	68200	64700	
64100	0	10900	6200	6800	135700	131800	14800	10400	5900	131300	116400	13500	10900	
64700	10900	0	5800	4100	135700	125600	15100	11000	6000	125000	110200	17300	0	
59000	6200	5800	0	9800	141400	131300	9300	5300	11700	130800	116000	11600	5800	
68800	6800	4100	9800	0	131600	125000	19100	15100	1900	124500	109600	20300	4100	
198000	135700	135700	141400	131600	0	233000	144400	146100	129800	232500	217700	149200	135700	
190300	131800	125600	131300	125000	233000	0	140600	136600	126700	2500	26200	142900	125600	
53600	14800	15100	9300	19100	144400	140600	0	4400	20700	140100	125300	16600	15100	
54000	10400	11000	5300	15100	146100	136600	4400	0	16300	136000	121200	15300	11000	
70000	5900	6000	11700	1900	129800	126700	20700	16300	0	126100	111300	19400	6000	
189700	131300	125000	130800	124500	232500	2500	140100	136000	126100	0	25600	142300	125000	
174900	116400	110200	116000	109600	217700	26200	125300	121200	111300	25600	0	127500	110200	
68200	13500	17300	11600	20300	149200	142900	16600	15300	19400	142300	127500	0	17300	
64700	10900	0	5800	4100	135700	125600	15100	11000	6000	125000	110200	17300	0	
