##Problem_info
speed(meters/minute): 333
coupling_time: 15
decoupling_time: 15
body_capacity: 100
max_bodies: 4
total_number_of_nodes: 14
total_number_of_vessels: 5
total_number_of_bodies: 10
total_number_of_requests: 50
unscheduled_cost_coefficient: 10000
service_time: 2
##Nodes [id is_swap_location]   (-2 is only swap location/transfer | 1 is customer that allow a body to be dropped)
0 1
1 1
2 1
3 1
4 1
5 1
6 1
7 1
8 1
9 1
10 1
11 1
12 1
13 -2
##Vessel [id start_location start_time]
0 3 71
1 1 0
2 0 164
3 9 56
4 12 70
##Bodies [id attached_to_vessel start_location]  (if -1 for attached_to_vessel: body starts detached)
0 3 9
1 0 3
2 1 1
3 2 0
4 4 12
5 2 0
6 4 12
7 2 0
8 0 3
9 3 9
##Requests [id pickup_location_id pickup_from pickup_to delivery_location_id delivery_from delivery_to num_containers at_body_id]
0 3 0 11997 12 11333 21097 14 -1
1 -1 -1 -1 10 2880 8205 14 9
2 -1 -1 -1 12 1440 13723 11 6
3 0 2880 14645 7 8951 19616 1 -1
4 7 14400 19695 8 14400 23912 19 -1
5 8 12960 18798 1 12960 31937 2 -1
6 10 2880 6947 1 3320 6947 20 -1
7 10 12960 20487 4 16167 23432 3 -1
8 5 7200 19930 6 15469 19930 12 -1
9 8 12960 23413 7 20908 30804 13 -1
10 -1 -1 -1 11 14400 22777 10 1
11 1 4320 5760 6 4320 10706 2 -1
12 -1 -1 -1 7 4320 8700 7 9
13 4 12960 15719 9 12960 18611 7 -1
14 3 5760 11669 8 10401 15247 22 -1
15 9 10080 16435 10 13396 21056 2 -1
16 5 21600 27345 4 22757 27581 7 -1
17 -1 -1 -1 7 12960 18737 12 9
18 -1 -1 -1 6 11520 22188 2 3
19 2 4320 20440 6 15687 36687 1 -1
20 1 5760 15511 0 11185 15511 12 -1
21 3 14400 21253 2 14400 24896 4 -1
22 11 15840 22334 0 16370 24614 23 -1
23 -1 -1 -1 9 7200 21265 8 0
24 8 7200 11759 0 7772 19945 3 -1
25 6 2880 13281 10 14450 34255 10 -1
26 -1 -1 -1 12 12960 24568 1 4
27 10 1440 6091 4 1440 13908 31 -1
28 5 0 5574 11 0 8220 2 -1
29 11 0 6565 12 3314 6716 25 -1
30 8 11520 18541 5 12039 22951 3 -1
31 8 5760 14175 9 9972 19632 1 -1
32 0 14400 21242 7 18598 28043 12 -1
33 3 2880 15028 10 11811 25866 27 -1
34 2 0 17062 0 14590 23437 10 -1
35 -1 -1 -1 12 8640 18967 1 2
36 8 10080 17904 3 13075 22806 28 -1
37 11 4320 11642 1 11855 19228 20 -1
38 3 5760 20505 12 18555 25390 1 -1
39 -1 -1 -1 2 11520 20237 14 7
40 12 2880 7979 8 3830 20124 3 -1
41 5 14400 17423 10 14400 26860 2 -1
42 12 2880 5265 11 3846 15859 17 -1
43 4 5760 7200 9 5760 7200 9 -1
44 3 12960 16510 5 12960 25945 21 -1
45 5 5760 9905 1 9692 20407 2 -1
46 11 20160 27278 0 26623 30879 1 -1
47 12 25920 27360 10 25920 38897 17 -1
48 10 1440 9270 7 6310 26513 4 -1
49 11 0 5893 9 0 7039 1 -1
#Distance_Matrix [row=from col=to] (given in meters)
0	64100	64700	59000	68800	198000	190300	53600	54000	70000	189700	174900	68200	64700	
64100	0	10900	6200	6800	135700	131800	14800	10400	5900	131300	116400	13500	10900	
64700	10900	0	5800	4100	135700	125600	15100	11000	6000	125000	110200	17300	0	
59000	6200	5800	0	9800	141400	131300	9300	5300	11700	130800	116000	11600	5800	
68800	6800	4100	9800	0	131600	125000	19100	15100	1900	124500	109600	20300	4100	
198000	135700	135700	141400	131600	0	233000	144400	146100	129800	232500	217700	149200	135700	
190300	131800	125600	131300	125000	233000	0	140600	136600	126700	2500	26200	142900	125600	
53600	14800	15100	9300	19100	144400	140600	0	4400	20700	140100	125300	16600	15100	
54000	10400	11000	5300	15100	146100	136600	4400	0	16300	136000	121200	15300	11000	
70000	5900	6000	11700	1900	129800	126700	20700	16300	0	126100	111300	19400	6000	
189700	131300	125000	130800	124500	232500	2500	140100	136000	126100	0	25600	142300	125000	
174900	116400	110200	116000	109600	217700	26200	125300	121200	111300	25600	0	127500	110200	
68200	13500	17300	11600	20300	149200	142900	16600	15300	19400	142300	127500	0	17300	
64700	10900	0	5800	4100	135700	125600	15100	11000	6000	125000	110200	17300	0	
