##Problem_info
speed(meters/minute): 333
coupling_time: 15
decoupling_time: 15
body_capacity: 100
max_bodies: 4
total_number_of_nodes: 14
total_number_of_vessels: 5
total_number_of_bodies: 10
total_number_of_requests: 50
unscheduled_cost_coefficient: 10000
service_time: 2
##Nodes [id is_swap_location]   (-2 is only swap location/transfer | 1 is customer that allow a body to be dropped)
0 1
1 1
2 1
3 1
4 1
5 1
6 1
7 1
8 1
9 1
10 1
11 1
12 1
13 -2
##Vessel [id start_location start_time]
0 10 166
1 12 89
2 11 15
3 9 66
4 8 0
##Bodies [id attached_to_vessel start_location]  (if -1 for attached_to_vessel: body starts detached)
0 0 10
1 4 8
2 2 11
3 3 9
4 1 12
5 4 8
6 2 11
7 1 12
8 2 11
9 2 11
##Requests [id pickup_location_id pickup_from pickup_to delivery_location_id delivery_from delivery_to num_containers at_body_id]
0 3 20160 27118 7 20193 30335 2 -1
1 6 10080 20785 7 10105 21446 1 -1
2 2 8640 20745 9 13929 25091 10 -1
3 5 12960 27326 1 20681 35044 9 -1
4 10 12960 17900 0 12960 23613 2 -1
5 3 14400 17847 6 17530 37673 2 -1
6 9 8640 15534 0 8640 20911 21 -1
7 7 0 8558 2 89 11307 2 -1
8 11 8640 20204 6 15516 20204 5 -1
9 0 25920 27360 3 25920 36506 2 -1
10 12 5760 15993 4 9108 15993 12 -1
11 11 12960 18951 2 14705 28539 34 -1
12 1 17280 21733 8 17280 30144 6 -1
13 -1 -1 -1 6 1440 20062 25 6
14 5 12960 19436 4 12960 26989 23 -1
15 0 4320 10794 12 8459 14701 21 -1
16 9 21600 25498 4 21600 33152 18 -1
17 5 20160 24922 12 20160 29255 3 -1
18 3 2880 12431 10 6609 19881 1 -1
19 5 5760 14404 11 9671 17671 11 -1
20 8 11520 26625 7 18939 26625 2 -1
21 2 21600 26688 11 21600 39225 9 -1
22 -1 -1 -1 6 20160 35045 1 6
23 -1 -1 -1 2 2880 8979 10 9
24 9 0 10703 7 7868 18089 1 -1
25 8 18720 26474 4 25034 26474 16 -1
26 1 8640 19072 2 13470 19490 7 -1
27 2 12960 14400 5 12960 27503 6 -1
28 -1 -1 -1 5 2880 9367 1 9
29 -1 -1 -1 8 14400 16571 14 9
30 4 2880 21816 11 16479 26046 20 -1
31 2 7200 20643 10 17787 34398 9 -1
32 2 11520 19400 8 17801 19400 12 -1
33 -1 -1 -1 7 14400 16522 15 7
34 2 11520 23357 1 16487 27204 15 -1
35 9 4320 9399 2 4320 10607 18 -1
36 12 15840 26287 6 26628 39742 16 -1
37 -1 -1 -1 0 7200 22809 3 0
38 -1 -1 -1 6 5760 13942 23 5
39 6 18720 24859 9 18969 34814 13 -1
40 -1 -1 -1 5 10080 17835 10 2
41 7 8640 16102 0 12727 22815 11 -1
42 10 18720 20160 9 18720 27077 30 -1
43 10 12960 20836 0 21555 32377 9 -1
44 8 0 10668 4 2062 16887 3 -1
45 9 0 5405 10 0 6331 5 -1
46 -1 -1 -1 10 8640 18563 6 7
47 -1 -1 -1 4 4320 11319 4 3
48 9 14400 18767 4 14400 31214 16 -1
49 0 5760 18560 7 8001 19734 2 -1
#Distance_Matrix [row=from col=to] (given in meters)
0	64100	64700	59000	68800	198000	190300	53600	54000	70000	189700	174900	68200	64700	
64100	0	10900	6200	6800	135700	131800	14800	10400	5900	131300	116400	13500	10900	
64700	10900	0	5800	4100	135700	125600	15100	11000	6000	125000	110200	17300	0	
59000	6200	5800	0	9800	141400	131300	9300	5300	11700	130800	116000	11600	5800	
68800	6800	4100	9800	0	131600	125000	19100	15100	1900	124500	109600	20300	4100	
198000	135700	135700	141400	131600	0	233000	144400	146100	129800	232500	217700	149200	135700	
190300	131800	125600	131300	125000	233000	0	140600	136600	126700	2500	26200	142900	125600	
53600	14800	15100	9300	19100	144400	140600	0	4400	20700	140100	125300	16600	15100	
54000	10400	11000	5300	15100	146100	136600	4400	0	16300	136000	121200	15300	11000	
70000	5900	6000	11700	1900	129800	126700	20700	16300	0	126100	111300	19400	6000	
189700	131300	125000	130800	124500	232500	2500	140100	136000	126100	0	25600	142300	125000	
174900	116400	110200	116000	109600	217700	26200	125300	121200	111300	25600	0	127500	110200	
68200	13500	17300	11600	20300	149200	142900	16600	15300	19400	142300	127500	0	17300	
64700	10900	0	5800	4100	135700	125600	15100	11000	6000	125000	110200	17300	0	
