##Problem_info
speed(meters/minute): 333
coupling_time: 15
decoupling_time: 15
body_capacity: 100
max_bodies: 4
total_number_of_nodes: 14
total_number_of_vessels: 5
total_number_of_bodies: 10
total_number_of_requests: 50
unscheduled_cost_coefficient: 10000
service_time: 2
##Nodes [id is_swap_location]   (-2 is only swap location/transfer | 1 is customer that allow a body to be dropped)
0 1
1 1
2 1
3 1
4 1
5 1
6 1
7 1
8 1
9 1
10 1
11 1
12 1
13 -2
##Vessel [id start_location start_time]
0 2 2
1 0 86
2 1 90
3 13 109
4 12 15
##Bodies [id attached_to_vessel start_location]  (if -1 for attached_to_vessel: body starts detached)
0 2 1
1 0 2
2 4 12
3 3 13
4 1 0
5 1 0
6 3 13
7 4 12
8 4 12
9 2 1
##Requests [id pickup_location_id pickup_from pickup_to delivery_location_id delivery_from delivery_to num_containers at_body_id]
0 8 20160 25052 7 20160 26991 5 -1
1 7 5760 12861 10 8243 12861 8 -1
2 4 14400 25569 3 20159 25569 2 -1
3 1 15840 26648 12 21454 31307 9 -1
4 0 15840 19642 9 15840 23286 2 -1
5 6 1440 2880 10 1440 4518 6 -1
6 12 17280 20451 8 17442 24037 9 -1
7 3 4320 12141 5 4320 12763 12 -1
8 12 12960 20551 0 14696 26512 1 -1
9 12 2880 4320 6 2880 16942 25 -1
10 5 5760 12061 10 11902 19822 5 -1
11 12 15840 25566 7 24983 35441 6 -1
12 6 12960 17030 4 12960 20546 7 -1
13 0 15840 24634 10 16775 28196 10 -1
14 9 10080 19973 2 18233 19973 14 -1
15 3 25920 28584 -1 -1 -1 2 -1
16 2 12960 21368 5 15600 29635 2 -1
17 -1 -1 -1 4 7200 17439 22 3
18 7 12960 22095 4 20226 27943 10 -1
19 -1 -1 -1 4 18720 27844 8 9
20 6 1440 8193 3 9225 21641 9 -1
21 -1 -1 -1 10 5760 13047 2 0
22 10 11520 25757 0 18435 29957 9 -1
23 2 7200 19224 4 12531 23756 26 -1
24 12 0 3198 0 0 9135 12 -1
25 0 11520 18487 12 11520 23983 14 -1
26 7 7200 10363 9 7200 18984 28 -1
27 1 5760 7200 0 6013 19136 15 -1
28 2 2880 4320 9 2880 15035 16 -1
29 3 18720 21757 2 18720 27138 1 -1
30 0 17280 24971 4 18508 25227 11 -1
31 0 1440 4553 6 4452 14801 24 -1
32 -1 -1 -1 10 17280 22428 13 9
33 2 5760 9365 1 5760 20079 10 -1
34 5 7200 10330 7 7200 18245 2 -1
35 -1 -1 -1 6 20160 30227 14 0
36 6 7200 18390 5 13507 26054 17 -1
37 5 11520 16235 10 14048 34365 1 -1
38 10 1440 4951 8 1440 7765 18 -1
39 -1 -1 -1 11 18720 30888 9 4
40 1 20160 27772 -1 -1 -1 14 -1
41 0 15840 21800 12 16512 29694 5 -1
42 6 11520 13164 3 11520 22709 7 -1
43 -1 -1 -1 2 14400 22482 25 0
44 -1 -1 -1 11 2880 11639 14 8
45 -1 -1 -1 9 21600 35642 14 7
46 9 4320 23036 5 21596 23036 11 -1
47 10 4320 13073 12 8539 15857 10 -1
48 0 23040 27764 -1 -1 -1 9 -1
49 9 4320 13520 8 9138 13520 19 -1
#Distance_Matrix [row=from col=to] (given in meters)
0	64100	64700	59000	68800	198000	190300	53600	54000	70000	189700	174900	68200	64700	
64100	0	10900	6200	6800	135700	131800	14800	10400	5900	131300	116400	13500	10900	
64700	10900	0	5800	4100	135700	125600	15100	11000	6000	125000	110200	17300	0	
59000	6200	5800	0	9800	141400	131300	9300	5300	11700	130800	116000	11600	5800	
68800	6800	4100	9800	0	131600	125000	19100	15100	1900	124500	109600	20300	4100	
198000	135700	135700	141400	131600	0	233000	144400	146100	129800	232500	217700	149200	135700	
190300	131800	125600	131300	125000	233000	0	140600	136600	126700	2500	26200	142900	125600	
53600	14800	15100	9300	19100	144400	140600	0	4400	20700	140100	125300	16600	15100	
54000	10400	11000	5300	15100	146100	136600	4400	0	16300	136000	121200	15300	11000	
70000	5900	6000	11700	1900	129800	126700	20700	16300	0	126100	111300	19400	6000	
189700	131300	125000	130800	124500	232500	2500	140100	136000	126100	0	25600	142300	125000	
174900	116400	110200	116000	109600	217700	26200	125300	121200	111300	25600	0	127500	110200	
68200	13500	17300	11600	20300	149200	142900	16600	15300	19400	142300	127500	0	17300	
64700	10900	0	5800	4100	135700	125600	15100	11000	6000	125000	110200	17300	0	
