##Problem_info
speed(meters/minute): 333
coupling_time: 15
decoupling_time: 15
body_capacity: 100
max_bodies: 4
total_number_of_nodes: 14
total_number_of_vessels: 5
total_number_of_bodies: 10
total_number_of_requests: 100
unscheduled_cost_coefficient: 10000
service_time: 2
##Nodes [id is_swap_location]   (-2 is only swap location/transfer | 1 is customer that allow a body to be dropped)
0 1
1 1
2 1
3 1
4 1
5 1
6 1
7 1
8 1
9 1
10 1
11 1
12 1
13 -2
##Vessel [id start_location start_time]
0 12 8
1 11 300
2 10 105
3 9 32
4 8 17
##Bodies [id attached_to_vessel start_location]  (if -1 for attached_to_vessel: body starts detached)
0 -1 10
1 1 11
2 3 9
3 2 10
4 -1 5
5 2 10
6 2 10
7 4 8
8 -1 0
9 -1 6
##Requests [id pickup_location_id pickup_from pickup_to delivery_location_id delivery_from delivery_to num_containers at_body_id]
0 -1 -1 -1 3 0 17565 19 4
1 3 5760 10075 6 7916 10075 20 -1
2 8 1440 11524 3 4114 20985 3 -1
3 1 10080 16712 12 10080 19706 7 -1
4 10 0 2583 6 0 6929 6 -1
5 -1 -1 -1 11 12960 25207 19 3
6 3 0 7253 9 1332 8692 16 -1
7 0 14400 15840 4 15340 31240 16 -1
8 -1 -1 -1 7 11520 14158 23 5
9 2 12960 23519 11 21193 24312 12 -1
10 11 0 7845 2 4369 11163 29 -1
11 1 11520 18837 12 15749 22939 12 -1
12 12 4320 15368 7 10385 16396 19 -1
13 5 18720 25805 9 23854 25805 13 -1
14 11 1440 5519 2 1440 14072 8 -1
15 0 14400 24003 8 20507 36215 15 -1
16 5 15840 22335 9 17701 26534 23 -1
17 3 20160 22889 7 20160 33456 20 -1
18 -1 -1 -1 0 5760 14268 32 3
19 6 27360 28800 -1 -1 -1 9 -1
20 9 1440 3305 3 1440 8611 8 -1
21 3 1440 5959 4 1440 18159 17 -1
22 9 2880 10439 1 7848 22013 15 -1
23 -1 -1 -1 4 0 17832 20 9
24 -1 -1 -1 9 7200 18917 7 5
25 9 5760 10491 7 5760 23386 6 -1
26 6 7200 13662 10 9254 13662 1 -1
27 1 4320 15581 0 12942 19865 24 -1
28 0 1440 7262 10 1440 7381 20 -1
29 -1 -1 -1 6 7200 24112 7 3
30 6 4320 14534 5 12005 14534 19 -1
31 5 0 14027 8 8116 18892 12 -1
32 -1 -1 -1 0 2880 11807 1 6
33 -1 -1 -1 8 23040 36281 20 4
34 -1 -1 -1 5 11520 24323 21 2
35 9 1440 10636 10 5453 14653 2 -1
36 7 15840 17280 2 15840 34491 3 -1
37 11 11520 20139 1 14830 27414 5 -1
38 5 14400 26839 1 22690 30394 1 -1
39 11 20160 27261 7 20160 33738 12 -1
40 7 21600 23040 8 21600 26062 24 -1
41 8 20160 23222 12 20160 29302 25 -1
42 11 2880 5694 7 8922 24281 15 -1
43 3 0 2782 0 0 9741 9 -1
44 12 0 6088 3 0 9001 12 -1
45 -1 -1 -1 4 15840 27850 3 8
46 -1 -1 -1 5 10080 24129 10 1
47 4 5760 13009 6 11275 17540 11 -1
48 5 15840 17940 12 15840 25719 13 -1
49 -1 -1 -1 10 20160 37235 5 1
50 8 7200 13755 1 14839 22023 4 -1
51 -1 -1 -1 3 18720 24332 16 2
52 4 8640 19337 3 14156 25776 32 -1
53 11 18720 26950 1 18720 31263 14 -1
54 3 10080 17611 5 13425 17611 15 -1
55 2 2880 8831 3 5061 11225 7 -1
56 6 8640 21453 10 16488 26810 15 -1
57 11 1440 9657 7 1440 11177 6 -1
58 8 4320 15481 1 6676 24900 4 -1
59 1 2880 11152 12 10203 17709 7 -1
60 5 10080 16965 0 13272 16965 1 -1
61 8 11520 12960 6 11520 20139 14 -1
62 8 17280 19855 10 17280 28044 30 -1
63 12 7200 9531 8 7200 12562 12 -1
64 6 1440 2880 2 3601 13279 14 -1
65 2 15840 27651 -1 -1 -1 12 -1
66 7 14400 23086 8 16888 24702 2 -1
67 7 24480 28526 -1 -1 -1 1 -1
68 10 10080 19185 6 11660 19870 10 -1
69 -1 -1 -1 1 11520 17858 4 9
70 -1 -1 -1 9 14400 30754 13 7
71 12 11520 12960 4 11520 21695 14 -1
72 8 18720 28594 -1 -1 -1 24 -1
73 1 1440 11040 4 2583 11820 18 -1
74 8 5760 12426 6 5760 19943 10 -1
75 8 18720 24427 9 23586 43172 6 -1
76 3 2880 10292 12 3646 13050 1 -1
77 2 2880 11821 3 9266 20630 6 -1
78 6 24480 25920 12 24480 33563 5 -1
79 12 10080 24949 3 22247 32085 11 -1
80 4 20160 26335 1 20160 30223 19 -1
81 11 24480 27155 3 24480 31435 13 -1
82 0 4320 8751 7 4367 8751 4 -1
83 6 0 2265 10 0 14177 5 -1
84 -1 -1 -1 0 10080 17317 10 9
85 9 10080 17508 7 10080 30499 9 -1
86 5 12960 27133 12 24531 37137 10 -1
87 12 12960 20291 7 16664 22376 11 -1
88 -1 -1 -1 8 7200 23606 29 5
89 9 2880 10094 0 4389 10094 12 -1
90 2 1440 16833 5 16037 32218 14 -1
91 12 5760 10839 10 7493 14347 10 -1
92 10 17280 21321 8 17280 31592 25 -1
93 6 1440 3710 1 1440 12479 2 -1
94 11 23040 26794 3 23040 32117 37 -1
95 10 4320 11877 1 10245 20541 10 -1
96 12 25920 27360 6 25920 35963 22 -1
97 3 5760 10523 2 5760 19775 11 -1
98 0 4320 14507 1 7652 14507 40 -1
99 -1 -1 -1 11 5760 13339 20 2
#Distance_Matrix [row=from col=to] (given in meters)
0	64100	64700	59000	68800	198000	190300	53600	54000	70000	189700	174900	68200	64700	
64100	0	10900	6200	6800	135700	131800	14800	10400	5900	131300	116400	13500	10900	
64700	10900	0	5800	4100	135700	125600	15100	11000	6000	125000	110200	17300	0	
59000	6200	5800	0	9800	141400	131300	9300	5300	11700	130800	116000	11600	5800	
68800	6800	4100	9800	0	131600	125000	19100	15100	1900	124500	109600	20300	4100	
198000	135700	135700	141400	131600	0	233000	144400	146100	129800	232500	217700	149200	135700	
190300	131800	125600	131300	125000	233000	0	140600	136600	126700	2500	26200	142900	125600	
53600	14800	15100	9300	19100	144400	140600	0	4400	20700	140100	125300	16600	15100	
54000	10400	11000	5300	15100	146100	136600	4400	0	16300	136000	121200	15300	11000	
70000	5900	6000	11700	1900	129800	126700	20700	16300	0	126100	111300	19400	6000	
189700	131300	125000	130800	124500	232500	2500	140100	136000	126100	0	25600	142300	125000	
174900	116400	110200	116000	109600	217700	26200	125300	121200	111300	25600	0	127500	110200	
68200	13500	17300	11600	20300	149200	142900	16600	15300	19400	142300	127500	0	17300	
64700	10900	0	5800	4100	135700	125600	15100	11000	6000	125000	110200	17300	0	
