##Problem_info
speed(meters/minute): 333
coupling_time: 15
decoupling_time: 15
body_capacity: 100
max_bodies: 4
total_number_of_nodes: 14
total_number_of_vessels: 5
total_number_of_bodies: 10
total_number_of_requests: 100
unscheduled_cost_coefficient: 10000
service_time: 2
##Nodes [id is_swap_location]   (-2 is only swap location/transfer | 1 is customer that allow a body to be dropped)
0 1
1 1
2 1
3 1
4 1
5 1
6 1
7 1
8 1
9 1
10 1
11 1
12 1
13 -2
##Vessel [id start_location start_time]
0 6 112
1 5 102
2 4 30
3 2 60
4 1 15
##Bodies [id attached_to_vessel start_location]  (if -1 for attached_to_vessel: body starts detached)
0 0 6
1 1 5
2 1 5
3 -1 4
4 2 4
5 1 5
6 -1 10
7 0 6
8 4 1
9 -1 2
##Requests [id pickup_location_id pickup_from pickup_to delivery_location_id delivery_from delivery_to num_containers at_body_id]
0 1 7200 18410 2 13229 33421 27 -1
1 4 18720 23988 10 21779 33313 9 -1
2 1 18720 25784 5 18720 26034 9 -1
3 9 5760 12131 3 10691 12131 4 -1
4 3 18720 22095 7 18720 27130 12 -1
5 8 8640 12318 12 8640 15624 11 -1
6 11 5760 13189 10 7547 18132 4 -1
7 -1 -1 -1 1 1440 10207 7 4
8 1 4320 8342 5 4454 23436 5 -1
9 3 10080 17080 9 12906 17080 12 -1
10 5 8640 19944 2 15681 19944 6 -1
11 12 7200 10636 7 8506 15956 1 -1
12 12 7200 19418 7 15423 32488 13 -1
13 11 14400 22309 8 22054 27933 1 -1
14 2 15840 18252 11 15840 20113 9 -1
15 12 11520 21022 4 11520 22708 7 -1
16 10 8640 13528 0 9588 24829 1 -1
17 -1 -1 -1 4 0 18230 2 9
18 -1 -1 -1 3 12960 25880 12 6
19 1 17280 26760 3 26086 42232 6 -1
20 0 14400 17072 9 14400 27452 17 -1
21 6 2880 8935 10 2880 13966 6 -1
22 -1 -1 -1 2 12960 24237 30 0
23 12 0 3380 0 0 14025 2 -1
24 6 11520 19698 12 14559 23490 4 -1
25 7 11520 15272 11 11520 15741 5 -1
26 -1 -1 -1 3 11520 17435 16 0
27 -1 -1 -1 12 18720 24530 20 4
28 1 20160 22653 2 20160 28800 19 -1
29 -1 -1 -1 6 2880 9474 12 2
30 -1 -1 -1 3 1440 10448 12 6
31 -1 -1 -1 7 11520 20318 9 3
32 -1 -1 -1 6 5760 24476 2 2
33 8 12960 17946 3 14356 18666 4 -1
34 1 7200 10054 0 8614 10054 12 -1
35 4 21600 24265 1 21600 33884 28 -1
36 5 0 2597 3 0 11289 9 -1
37 1 8640 18119 0 11180 22142 14 -1
38 3 21600 25182 1 22520 33051 2 -1
39 10 12960 26470 2 22361 26470 9 -1
40 7 12960 21948 0 19190 21948 1 -1
41 -1 -1 -1 10 0 7057 1 7
42 4 18720 25853 7 18720 32329 17 -1
43 1 2880 8423 0 5998 12395 4 -1
44 -1 -1 -1 8 15840 19336 20 7
45 -1 -1 -1 9 7200 23036 3 1
46 11 8640 22593 3 15776 26034 22 -1
47 7 7200 19474 1 14557 26756 23 -1
48 11 5760 7869 7 5760 23884 2 -1
49 -1 -1 -1 4 4320 19309 15 1
50 0 10080 16719 8 13703 26377 14 -1
51 -1 -1 -1 6 5760 21055 4 5
52 -1 -1 -1 3 14400 23319 2 4
53 11 18720 24567 9 23162 24602 4 -1
54 2 0 9692 8 3642 12653 14 -1
55 9 2880 15162 3 13558 21101 34 -1
56 6 5760 7498 5 5760 22086 39 -1
57 8 15840 23249 0 17533 31222 3 -1
58 8 5760 7835 5 5760 19989 13 -1
59 0 17280 20834 10 20702 27793 13 -1
60 -1 -1 -1 2 10080 13774 5 5
61 -1 -1 -1 8 17280 31482 19 7
62 -1 -1 -1 3 5760 17008 27 2
63 -1 -1 -1 12 17280 27962 16 3
64 4 12960 16970 6 12960 25345 25 -1
65 10 12960 23527 2 21416 37308 17 -1
66 -1 -1 -1 9 14400 28624 20 5
67 8 17280 20077 12 17280 26904 18 -1
68 -1 -1 -1 3 8640 16881 21 6
69 -1 -1 -1 10 7200 18341 15 5
70 -1 -1 -1 3 17280 24527 5 3
71 10 17280 24834 7 20893 31387 17 -1
72 5 10080 11520 6 13443 24192 3 -1
73 12 4320 8788 7 4320 11096 6 -1
74 3 17280 23153 12 17312 29667 1 -1
75 0 14400 22242 5 14400 31011 28 -1
76 -1 -1 -1 8 4320 16264 7 7
77 -1 -1 -1 5 23040 28858 1 5
78 9 10080 11520 0 10080 18018 5 -1
79 -1 -1 -1 4 20160 27391 19 9
80 -1 -1 -1 10 2880 11385 4 9
81 11 18720 25488 6 21103 31322 1 -1
82 -1 -1 -1 11 7200 16438 6 9
83 3 11520 25242 12 22388 35138 1 -1
84 11 4320 12403 10 13412 21319 6 -1
85 -1 -1 -1 5 7200 16701 14 0
86 0 4320 5760 2 4320 21481 12 -1
87 7 15840 18157 5 15840 23005 9 -1
88 9 14400 20173 0 14500 24113 22 -1
89 7 7200 20272 2 14760 28472 19 -1
90 -1 -1 -1 4 12960 27764 1 5
91 8 17280 24936 9 20027 31341 1 -1
92 5 17280 26875 1 26179 34033 17 -1
93 -1 -1 -1 3 2880 16459 8 5
94 -1 -1 -1 8 7200 14275 23 5
95 2 5760 20404 8 17241 20404 17 -1
96 -1 -1 -1 2 12960 26543 14 9
97 0 24480 25920 9 24480 39060 4 -1
98 2 2880 8004 0 2880 21584 10 -1
99 -1 -1 -1 1 2880 7825 26 7
#Distance_Matrix [row=from col=to] (given in meters)
0	64100	64700	59000	68800	198000	190300	53600	54000	70000	189700	174900	68200	64700	
64100	0	10900	6200	6800	135700	131800	14800	10400	5900	131300	116400	13500	10900	
64700	10900	0	5800	4100	135700	125600	15100	11000	6000	125000	110200	17300	0	
59000	6200	5800	0	9800	141400	131300	9300	5300	11700	130800	116000	11600	5800	
68800	6800	4100	9800	0	131600	125000	19100	15100	1900	124500	109600	20300	4100	
198000	135700	135700	141400	131600	0	233000	144400	146100	129800	232500	217700	149200	135700	
190300	131800	125600	131300	125000	233000	0	140600	136600	126700	2500	26200	142900	125600	
53600	14800	15100	9300	19100	144400	140600	0	4400	20700	140100	125300	16600	15100	
54000	10400	11000	5300	15100	146100	136600	4400	0	16300	136000	121200	15300	11000	
70000	5900	6000	11700	1900	129800	126700	20700	16300	0	126100	111300	19400	6000	
189700	131300	125000	130800	124500	232500	2500	140100	136000	126100	0	25600	142300	125000	
174900	116400	110200	116000	109600	217700	26200	125300	121200	111300	25600	0	127500	110200	
68200	13500	17300	11600	20300	149200	142900	16600	15300	19400	142300	127500	0	17300	
64700	10900	0	5800	4100	135700	125600	15100	11000	6000	125000	110200	17300	0	
