##Problem_info
speed(meters/minute): 333
coupling_time: 15
decoupling_time: 15
body_capacity: 100
max_bodies: 4
total_number_of_nodes: 14
total_number_of_vessels: 5
total_number_of_bodies: 10
total_number_of_requests: 100
unscheduled_cost_coefficient: 10000
service_time: 2
##Nodes [id is_swap_location]   (-2 is only swap location/transfer | 1 is customer that allow a body to be dropped)
0 1
1 1
2 1
3 1
4 1
5 1
6 1
7 1
8 1
9 1
10 1
11 1
12 1
13 -2
##Vessel [id start_location start_time]
0 13 33
1 12 88
2 10 67
3 9 17
4 8 43
##Bodies [id attached_to_vessel start_location]  (if -1 for attached_to_vessel: body starts detached)
0 -1 0
1 2 10
2 -1 3
3 2 10
4 0 13
5 3 9
6 -1 1
7 -1 12
8 2 10
9 1 12
##Requests [id pickup_location_id pickup_from pickup_to delivery_location_id delivery_from delivery_to num_containers at_body_id]
0 7 11520 21533 11 12106 22881 2 -1
1 -1 -1 -1 9 10080 18641 8 6
2 4 10080 22475 2 17600 22475 17 -1
3 5 17280 27583 -1 -1 -1 7 -1
4 5 10080 16723 7 16328 21782 17 -1
5 1 17280 20275 6 22713 37992 12 -1
6 2 17280 20005 5 17280 26116 20 -1
7 8 5760 23499 2 16954 27373 29 -1
8 6 0 1440 0 52 8703 5 -1
9 0 20160 28321 -1 -1 -1 6 -1
10 -1 -1 -1 4 17280 23316 3 1
11 -1 -1 -1 11 20160 30826 8 5
12 11 10080 24485 1 16897 32702 22 -1
13 -1 -1 -1 2 1440 15135 23 6
14 6 14400 23299 10 20209 27312 14 -1
15 11 1440 9225 9 2503 9646 5 -1
16 11 20160 23933 8 20160 30985 15 -1
17 12 2880 6228 9 2880 13519 4 -1
18 -1 -1 -1 7 11520 19903 15 5
19 4 17280 23648 8 18550 23648 2 -1
20 10 10080 24285 2 16113 24812 2 -1
21 11 0 12496 7 9874 15683 30 -1
22 9 12960 19288 4 14917 23384 3 -1
23 9 12960 17342 0 12960 23476 10 -1
24 0 1440 7847 12 1440 10755 1 -1
25 5 4320 15470 0 10682 19149 17 -1
26 10 11520 19810 4 19393 33332 6 -1
27 4 14400 23384 3 16795 23384 2 -1
28 4 17280 23408 3 17280 27999 6 -1
29 -1 -1 -1 4 2880 9867 9 4
30 10 15840 27609 -1 -1 -1 2 -1
31 1 11520 15465 3 11520 21328 8 -1
32 10 17280 25816 1 20266 29140 1 -1
33 0 1440 5391 6 1440 10031 9 -1
34 10 11520 20700 9 20218 32889 22 -1
35 -1 -1 -1 1 18720 23305 15 8
36 5 10080 21728 6 18308 22689 3 -1
37 0 4320 9207 6 4320 17044 34 -1
38 2 5760 7617 3 5760 9311 10 -1
39 4 21600 26491 5 21600 32365 2 -1
40 2 20160 28764 -1 -1 -1 6 -1
41 7 1440 7559 5 3960 19473 10 -1
42 11 14400 24882 0 18502 32715 6 -1
43 6 15840 23300 7 20963 32371 5 -1
44 -1 -1 -1 10 1440 7391 5 1
45 12 1440 12058 6 9254 20001 6 -1
46 11 1440 12698 6 6109 16805 7 -1
47 5 2880 7068 10 2880 16002 1 -1
48 -1 -1 -1 3 14400 16019 3 5
49 8 10080 23579 3 20210 34690 10 -1
50 3 1440 3616 1 1440 12020 7 -1
51 9 1440 3841 10 1440 5378 16 -1
52 -1 -1 -1 12 20160 37106 8 6
53 0 2880 12016 4 9193 19663 11 -1
54 1 20160 21600 12 20160 27147 1 -1
55 2 18720 27252 5 18720 28770 3 -1
56 10 4320 14603 2 13696 21553 13 -1
57 4 4320 6993 0 4320 15674 6 -1
58 12 1440 15804 1 15447 29788 1 -1
59 6 12960 15576 11 12960 19285 9 -1
60 1 7200 13438 8 11981 18462 20 -1
61 7 7200 16911 2 11296 18298 1 -1
62 -1 -1 -1 9 14400 27554 4 7
63 8 11520 15941 1 11520 17562 5 -1
64 12 5760 14153 9 10763 14153 9 -1
65 3 2880 4320 7 2880 21250 25 -1
66 3 4320 5760 1 4320 14695 2 -1
67 12 2880 11631 7 7604 22795 22 -1
68 -1 -1 -1 4 20160 24460 2 6
69 11 1440 10642 3 4645 18424 20 -1
70 3 12960 21591 10 24425 29217 13 -1
71 6 12960 18768 9 12960 33960 15 -1
72 -1 -1 -1 5 2880 15319 7 7
73 6 7200 8640 12 8255 16234 6 -1
74 8 27360 28800 -1 -1 -1 5 -1
75 -1 -1 -1 6 12960 22846 6 4
76 6 14400 22430 9 16818 26884 13 -1
77 -1 -1 -1 9 18720 30932 6 5
78 1 14400 15840 9 14400 22501 4 -1
79 10 11520 26553 8 25113 26553 2 -1
80 -1 -1 -1 4 2880 14460 7 4
81 10 10080 22307 12 15516 33285 8 -1
82 9 1440 7930 1 1440 13666 4 -1
83 9 11520 26227 0 22569 26227 5 -1
84 5 4320 5760 2 4320 12050 10 -1
85 2 21600 23040 11 21600 31765 7 -1
86 10 8640 15784 8 8640 18724 16 -1
87 8 4320 5944 3 4320 14385 11 -1
88 1 12960 17094 3 14659 17094 19 -1
89 -1 -1 -1 9 12960 18243 8 1
90 5 24480 28528 -1 -1 -1 28 -1
91 9 17280 25696 3 19228 29140 19 -1
92 7 8640 15076 1 10855 24034 20 -1
93 2 5760 14582 4 13182 20548 14 -1
94 1 7200 9929 3 7200 16794 7 -1
95 5 17280 22063 7 18626 27385 1 -1
96 8 21600 23040 7 23604 30604 20 -1
97 5 15840 25633 2 17541 33275 6 -1
98 11 4320 11359 7 5417 17519 4 -1
99 6 0 9364 1 3789 9364 31 -1
#Distance_Matrix [row=from col=to] (given in meters)
0	64100	64700	59000	68800	198000	190300	53600	54000	70000	189700	174900	68200	64700	
64100	0	10900	6200	6800	135700	131800	14800	10400	5900	131300	116400	13500	10900	
64700	10900	0	5800	4100	135700	125600	15100	11000	6000	125000	110200	17300	0	
59000	6200	5800	0	9800	141400	131300	9300	5300	11700	130800	116000	11600	5800	
68800	6800	4100	9800	0	131600	125000	19100	15100	1900	124500	109600	20300	4100	
198000	135700	135700	141400	131600	0	233000	144400	146100	129800	232500	217700	149200	135700	
190300	131800	125600	131300	125000	233000	0	140600	136600	126700	2500	26200	142900	125600	
53600	14800	15100	9300	19100	144400	140600	0	4400	20700	140100	125300	16600	15100	
54000	10400	11000	5300	15100	146100	136600	4400	0	16300	136000	121200	15300	11000	
70000	5900	6000	11700	1900	129800	126700	20700	16300	0	126100	111300	19400	6000	
189700	131300	125000	130800	124500	232500	2500	140100	136000	126100	0	25600	142300	125000	
174900	116400	110200	116000	109600	217700	26200	125300	121200	111300	25600	0	127500	110200	
68200	13500	17300	11600	20300	149200	142900	16600	15300	19400	142300	127500	0	17300	
64700	10900	0	5800	4100	135700	125600	15100	11000	6000	125000	110200	17300	0	
