##Problem_info
speed(meters/minute): 333
coupling_time: 15
decoupling_time: 15
body_capacity: 100
max_bodies: 4
total_number_of_nodes: 14
total_number_of_vessels: 5
total_number_of_bodies: 10
total_number_of_requests: 100
unscheduled_cost_coefficient: 10000
service_time: 2
##Nodes [id is_swap_location]   (-2 is only swap location/transfer | 1 is customer that allow a body to be dropped)
0 1
1 1
2 1
3 1
4 1
5 1
6 1
7 1
8 1
9 1
10 1
11 1
12 1
13 -2
##Vessel [id start_location start_time]
0 12 147
1 11 28
2 10 254
3 8 12
4 7 9
##Bodies [id attached_to_vessel start_location]  (if -1 for attached_to_vessel: body starts detached)
0 2 10
1 -1 13
2 3 8
3 1 11
4 0 12
5 2 10
6 2 10
7 3 8
8 2 10
9 0 12
##Requests [id pickup_location_id pickup_from pickup_to delivery_location_id delivery_from delivery_to num_containers at_body_id]
0 -1 -1 -1 4 18720 30408 36 2
1 2 12960 14885 6 12960 20544 17 -1
2 -1 -1 -1 12 8640 14961 18 9
3 7 5760 8286 12 5925 8631 4 -1
4 4 10080 12687 11 11037 18903 4 -1
5 -1 -1 -1 9 10080 12795 9 3
6 6 0 11022 8 1393 11332 10 -1
7 10 2880 4320 2 2880 9438 19 -1
8 4 21600 28650 -1 -1 -1 11 -1
9 0 14400 17497 10 14400 22993 8 -1
10 6 5760 10003 0 6462 21516 3 -1
11 -1 -1 -1 12 7200 11859 21 4
12 6 2880 17275 1 13695 18495 7 -1
13 12 5760 11506 7 5760 14623 5 -1
14 3 20160 22434 5 20160 30787 18 -1
15 -1 -1 -1 4 12960 24433 5 2
16 -1 -1 -1 0 7200 17690 1 7
17 9 17280 19899 4 17280 22703 14 -1
18 12 15840 17280 11 15840 21545 10 -1
19 3 5760 7402 0 6264 14166 10 -1
20 -1 -1 -1 12 10080 25111 11 1
21 11 5760 15832 12 9937 15832 2 -1
22 0 0 6135 4 0 9994 4 -1
23 8 11520 18598 2 14972 22593 15 -1
24 -1 -1 -1 0 10080 24984 7 8
25 2 10080 15499 10 12840 17343 5 -1
26 7 18720 26857 4 21452 32540 1 -1
27 -1 -1 -1 1 14400 19007 8 6
28 -1 -1 -1 3 10080 22769 1 4
29 -1 -1 -1 11 2880 17985 21 1
30 5 14400 21870 8 19148 24098 1 -1
31 1 2880 4320 8 2880 20600 7 -1
32 0 1440 9107 11 5719 13478 9 -1
33 -1 -1 -1 11 1440 2880 1 4
34 10 12960 19935 11 16020 19935 1 -1
35 2 10080 14009 4 10080 20583 1 -1
36 6 27360 28800 -1 -1 -1 16 -1
37 -1 -1 -1 0 14400 23096 16 0
38 -1 -1 -1 11 11520 17851 17 8
39 1 7200 17552 8 10190 21883 6 -1
40 7 4320 13989 12 8390 23225 16 -1
41 1 1440 3557 2 1440 8991 2 -1
42 12 24480 26488 4 24480 30952 9 -1
43 1 11520 18704 5 15001 28831 1 -1
44 8 18720 25773 9 18720 28726 19 -1
45 8 14400 20377 6 14533 22819 12 -1
46 9 0 1807 11 0 11215 8 -1
47 -1 -1 -1 12 5760 24610 8 0
48 -1 -1 -1 2 14400 31144 6 0
49 1 7200 22667 3 18119 27019 4 -1
50 11 5760 17639 1 16199 17639 2 -1
51 -1 -1 -1 5 1440 19724 22 5
52 6 8640 15895 10 12740 25011 18 -1
53 0 5760 17219 8 12393 17219 8 -1
54 9 10080 14116 1 10080 18415 4 -1
55 -1 -1 -1 4 5760 15716 4 2
56 -1 -1 -1 0 21600 29899 14 6
57 3 23040 27524 -1 -1 -1 7 -1
58 6 21600 26423 3 21600 30153 2 -1
59 3 12960 19881 9 25775 29100 4 -1
60 8 1440 2880 10 1440 12265 4 -1
61 4 14400 19996 3 15293 28031 6 -1
62 5 17280 19787 12 17280 26857 5 -1
63 6 7200 16048 9 10132 18694 13 -1
64 7 11520 20668 1 14201 30903 8 -1
65 3 7200 16107 1 10643 20379 21 -1
66 5 8640 13038 12 8640 26600 11 -1
67 -1 -1 -1 10 8640 18700 24 9
68 10 12960 22202 2 20025 29891 20 -1
69 2 10080 22757 5 17892 23805 8 -1
70 8 18720 23598 3 18720 25896 11 -1
71 -1 -1 -1 12 12960 30179 15 5
72 12 8640 12454 4 8640 22015 19 -1
73 6 7200 15110 8 11537 21701 7 -1
74 -1 -1 -1 1 23040 31766 8 9
75 7 18720 24731 8 20583 29895 21 -1
76 10 18720 28532 -1 -1 -1 2 -1
77 -1 -1 -1 6 11520 24851 14 7
78 3 10080 15938 9 10080 17787 20 -1
79 5 10080 13551 10 10080 20358 7 -1
80 2 2880 5239 8 2880 6643 18 -1
81 2 14400 17740 8 14678 23790 16 -1
82 1 12960 20636 0 12960 28591 3 -1
83 0 20160 26283 7 21930 34205 2 -1
84 -1 -1 -1 7 4320 13396 4 5
85 9 2880 5266 1 2880 10016 10 -1
86 1 18720 28098 -1 -1 -1 19 -1
87 1 7200 10487 4 7200 15836 15 -1
88 5 0 8971 1 3473 11849 5 -1
89 8 10080 15062 10 10080 17201 6 -1
90 12 23040 25631 4 25027 36347 3 -1
91 -1 -1 -1 6 1440 6296 9 5
92 10 25920 27360 12 25920 39767 18 -1
93 12 17280 23944 4 22340 23944 7 -1
94 4 1440 7085 3 2375 9081 15 -1
95 4 4320 8708 7 4320 13787 14 -1
96 -1 -1 -1 0 2880 7313 14 6
97 10 4320 16230 2 13370 16230 36 -1
98 -1 -1 -1 3 0 9144 11 1
99 -1 -1 -1 2 1440 19810 17 8
#Distance_Matrix [row=from col=to] (given in meters)
0	64100	64700	59000	68800	198000	190300	53600	54000	70000	189700	174900	68200	64700	
64100	0	10900	6200	6800	135700	131800	14800	10400	5900	131300	116400	13500	10900	
64700	10900	0	5800	4100	135700	125600	15100	11000	6000	125000	110200	17300	0	
59000	6200	5800	0	9800	141400	131300	9300	5300	11700	130800	116000	11600	5800	
68800	6800	4100	9800	0	131600	125000	19100	15100	1900	124500	109600	20300	4100	
198000	135700	135700	141400	131600	0	233000	144400	146100	129800	232500	217700	149200	135700	
190300	131800	125600	131300	125000	233000	0	140600	136600	126700	2500	26200	142900	125600	
53600	14800	15100	9300	19100	144400	140600	0	4400	20700	140100	125300	16600	15100	
54000	10400	11000	5300	15100	146100	136600	4400	0	16300	136000	121200	15300	11000	
70000	5900	6000	11700	1900	129800	126700	20700	16300	0	126100	111300	19400	6000	
189700	131300	125000	130800	124500	232500	2500	140100	136000	126100	0	25600	142300	125000	
174900	116400	110200	116000	109600	217700	26200	125300	121200	111300	25600	0	127500	110200	
68200	13500	17300	11600	20300	149200	142900	16600	15300	19400	142300	127500	0	17300	
64700	10900	0	5800	4100	135700	125600	15100	11000	6000	125000	110200	17300	0	
