##Problem_info
speed(meters/minute): 333
coupling_time: 15
decoupling_time: 15
body_capacity: 100
max_bodies: 4
total_number_of_nodes: 14
total_number_of_vessels: 5
total_number_of_bodies: 10
total_number_of_requests: 150
unscheduled_cost_coefficient: 10000
service_time: 2
##Nodes [id is_swap_location]   (-2 is only swap location/transfer | 1 is customer that allow a body to be dropped)
0 1
1 1
2 1
3 1
4 1
5 1
6 1
7 1
8 1
9 1
10 1
11 1
12 1
13 -2
##Vessel [id start_location start_time]
0 6 181
1 12 17
2 11 21
3 9 2
4 8 133
##Bodies [id attached_to_vessel start_location]  (if -1 for attached_to_vessel: body starts detached)
0 1 12
1 4 8
2 -1 7
3 -1 4
4 -1 6
5 2 11
6 0 6
7 2 11
8 4 8
9 1 12
##Requests [id pickup_location_id pickup_from pickup_to delivery_location_id delivery_from delivery_to num_containers at_body_id]
0 9 0 7764 7 0 8158 25 -1
1 5 27360 28800 -1 -1 -1 15 -1
2 8 5760 15486 4 14064 25238 11 -1
3 9 20160 24716 8 20160 30044 8 -1
4 3 0 4515 11 94 11649 9 -1
5 12 14400 19487 8 15187 20667 16 -1
6 -1 -1 -1 3 11520 24305 4 1
7 12 11520 19700 3 12910 27253 15 -1
8 10 7200 12699 12 7200 22242 11 -1
9 1 8640 11158 10 9392 22956 26 -1
10 6 4320 9633 8 4320 16345 7 -1
11 8 8640 13036 5 8640 13082 2 -1
12 -1 -1 -1 10 21600 23040 3 3
13 0 12960 26035 9 18821 28676 1 -1
14 -1 -1 -1 7 20160 32497 12 0
15 -1 -1 -1 10 14400 25509 11 0
16 -1 -1 -1 9 2880 12763 18 3
17 -1 -1 -1 8 20160 33282 7 0
18 -1 -1 -1 8 4320 16625 19 8
19 -1 -1 -1 5 17280 32810 25 3
20 0 2880 10796 6 5104 14305 9 -1
21 11 7200 11909 1 7200 19506 29 -1
22 -1 -1 -1 11 14400 24392 5 7
23 2 11520 22513 3 18444 31465 12 -1
24 -1 -1 -1 2 21600 30286 1 0
25 -1 -1 -1 12 20160 31147 8 3
26 4 17280 26797 8 22577 39614 1 -1
27 1 0 6645 2 3554 20998 1 -1
28 7 1440 5556 10 3045 13440 3 -1
29 5 25920 27875 -1 -1 -1 8 -1
30 5 0 10214 11 3622 15592 6 -1
31 3 12960 27121 2 24583 35637 10 -1
32 4 12960 20688 2 14487 26000 12 -1
33 -1 -1 -1 8 11520 22628 22 3
34 5 2880 13093 11 6256 17061 2 -1
35 3 5760 23499 9 21922 26354 10 -1
36 4 17280 26926 1 21596 31903 17 -1
37 0 20160 25896 2 20160 27805 5 -1
38 12 14400 21946 0 17456 29803 26 -1
39 2 15840 26749 11 20686 28685 16 -1
40 4 14400 23771 9 20455 28660 18 -1
41 0 11520 21286 2 11520 23930 32 -1
42 1 1440 8265 0 1493 17707 2 -1
43 8 2880 9675 0 9028 18314 4 -1
44 -1 -1 -1 9 0 9730 1 6
45 10 4320 10083 0 4536 10566 5 -1
46 0 5760 7211 7 5760 21171 9 -1
47 1 11520 20915 12 13075 28966 9 -1
48 6 15840 18073 1 15840 32210 10 -1
49 5 23040 24480 2 23040 30570 25 -1
50 0 11520 18789 1 17359 21148 9 -1
51 3 7200 18553 1 16684 29186 6 -1
52 2 5760 12892 3 8103 13907 16 -1
53 9 8640 21210 8 14045 21647 17 -1
54 6 5760 7200 9 5760 18490 8 -1
55 -1 -1 -1 6 18720 25803 8 7
56 0 5760 14165 5 11265 20381 11 -1
57 9 15840 22421 8 24525 38527 6 -1
58 11 7200 22566 12 12883 33883 29 -1
59 5 8640 18106 0 9506 20965 1 -1
60 7 11520 13928 8 12488 13928 11 -1
61 6 20160 25125 3 21027 25960 3 -1
62 9 0 9510 0 3561 15271 6 -1
63 5 18720 27628 -1 -1 -1 5 -1
64 12 18720 20587 3 18720 27947 18 -1
65 6 7200 22856 2 20668 31808 3 -1
66 -1 -1 -1 1 18720 25491 21 4
67 9 1440 10223 1 10299 13552 9 -1
68 3 21600 25749 6 21600 27504 14 -1
69 -1 -1 -1 12 8640 17868 4 0
70 9 0 6595 7 3720 15839 4 -1
71 4 10080 18697 11 12498 21568 32 -1
72 -1 -1 -1 9 11520 12960 11 9
73 7 12960 22536 10 15794 22784 2 -1
74 -1 -1 -1 9 12960 26215 8 2
75 6 11520 21061 2 17213 30445 15 -1
76 8 2880 11608 12 7611 19992 9 -1
77 7 1440 3943 4 1440 7995 6 -1
78 12 23040 24480 8 23040 35964 8 -1
79 7 4320 12682 9 8898 29390 2 -1
80 -1 -1 -1 11 23040 29335 21 4
81 12 0 5680 6 3249 16883 11 -1
82 1 11520 16196 8 12770 19797 11 -1
83 -1 -1 -1 1 14400 28109 4 3
84 7 17280 21923 11 20097 29748 8 -1
85 5 0 5878 12 0 12134 11 -1
86 1 17280 24859 9 20908 28680 31 -1
87 -1 -1 -1 3 11520 27575 5 3
88 11 2880 6612 1 4472 11660 16 -1
89 7 11520 18813 9 12612 20401 6 -1
90 8 5760 20265 11 15580 27252 9 -1
91 -1 -1 -1 11 0 16925 14 6
92 1 18720 28451 -1 -1 -1 3 -1
93 11 8640 11308 0 8640 23959 22 -1
94 -1 -1 -1 7 8640 28577 17 9
95 -1 -1 -1 11 15840 29606 26 6
96 9 7200 24045 1 21434 29808 34 -1
97 5 15840 21896 8 22372 33675 15 -1
98 1 15840 24268 12 17693 29161 20 -1
99 7 0 8697 5 2360 13344 28 -1
100 6 23040 24480 0 23040 35513 11 -1
101 2 21600 26193 8 21600 42600 2 -1
102 0 7200 10196 3 8756 10196 6 -1
103 3 14400 26473 5 18068 26473 13 -1
104 9 11520 21588 4 13595 21588 17 -1
105 -1 -1 -1 4 0 3469 8 5
106 12 21600 23800 6 21600 29795 2 -1
107 9 24480 25920 3 24480 36035 2 -1
108 -1 -1 -1 5 1440 13850 12 6
109 4 5760 16309 9 11185 16309 17 -1
110 3 24480 25920 7 27377 37216 6 -1
111 12 7200 9837 8 8818 17065 3 -1
112 -1 -1 -1 0 17280 22550 8 8
113 6 20160 22737 5 20160 27772 7 -1
114 9 21600 28796 -1 -1 -1 2 -1
115 -1 -1 -1 12 7200 8640 1 2
116 -1 -1 -1 8 25920 35709 9 0
117 10 1440 9613 6 2927 11144 3 -1
118 5 10080 18381 6 17263 28627 13 -1
119 -1 -1 -1 9 10080 17706 3 8
120 4 20160 25145 7 21713 35661 1 -1
121 4 14400 28359 -1 -1 -1 8 -1
122 10 0 1440 12 0 14946 5 -1
123 0 14400 28755 -1 -1 -1 18 -1
124 -1 -1 -1 11 14400 24208 7 9
125 4 15840 26527 11 25818 46818 10 -1
126 8 4320 6467 12 4320 13975 5 -1
127 6 8640 17345 0 12380 22629 10 -1
128 5 10080 11520 10 10080 22808 15 -1
129 0 20160 28386 -1 -1 -1 17 -1
130 3 20160 27514 -1 -1 -1 5 -1
131 -1 -1 -1 7 0 7273 4 3
132 -1 -1 -1 4 4320 13525 9 9
133 -1 -1 -1 5 7200 18840 15 0
134 4 20160 25162 3 20160 38650 25 -1
135 10 8640 14042 7 12219 22319 3 -1
136 12 7200 21923 1 14153 28010 10 -1
137 5 14400 24914 0 21739 29689 15 -1
138 -1 -1 -1 7 23040 35611 8 4
139 1 2880 9294 10 9047 17618 21 -1
140 11 7200 14659 5 10081 31081 13 -1
141 1 15840 26969 12 20708 32626 13 -1
142 4 8640 21663 5 18508 33452 4 -1
143 12 7200 17376 0 13735 24084 2 -1
144 9 25920 27360 6 25920 43184 1 -1
145 3 8640 14056 11 8640 18955 8 -1
146 2 12960 22533 9 19362 32172 12 -1
147 3 18720 26487 1 18720 29241 16 -1
148 -1 -1 -1 6 4320 22925 23 9
149 8 12960 24900 7 19558 32028 20 -1
#Distance_Matrix [row=from col=to] (given in meters)
0	64100	64700	59000	68800	198000	190300	53600	54000	70000	189700	174900	68200	64700	
64100	0	10900	6200	6800	135700	131800	14800	10400	5900	131300	116400	13500	10900	
64700	10900	0	5800	4100	135700	125600	15100	11000	6000	125000	110200	17300	0	
59000	6200	5800	0	9800	141400	131300	9300	5300	11700	130800	116000	11600	5800	
68800	6800	4100	9800	0	131600	125000	19100	15100	1900	124500	109600	20300	4100	
198000	135700	135700	141400	131600	0	233000	144400	146100	129800	232500	217700	149200	135700	
190300	131800	125600	131300	125000	233000	0	140600	136600	126700	2500	26200	142900	125600	
53600	14800	15100	9300	19100	144400	140600	0	4400	20700	140100	125300	16600	15100	
54000	10400	11000	5300	15100	146100	136600	4400	0	16300	136000	121200	15300	11000	
70000	5900	6000	11700	1900	129800	126700	20700	16300	0	126100	111300	19400	6000	
189700	131300	125000	130800	124500	232500	2500	140100	136000	126100	0	25600	142300	125000	
174900	116400	110200	116000	109600	217700	26200	125300	121200	111300	25600	0	127500	110200	
68200	13500	17300	11600	20300	149200	142900	16600	15300	19400	142300	127500	0	17300	
64700	10900	0	5800	4100	135700	125600	15100	11000	6000	125000	110200	17300	0	
