##Problem_info
speed(meters/minute): 333
coupling_time: 15
decoupling_time: 15
body_capacity: 100
max_bodies: 4
total_number_of_nodes: 14
total_number_of_vessels: 5
total_number_of_bodies: 10
total_number_of_requests: 150
unscheduled_cost_coefficient: 10000
service_time: 2
##Nodes [id is_swap_location]   (-2 is only swap location/transfer | 1 is customer that allow a body to be dropped)
0 1
1 1
2 1
3 1
4 1
5 1
6 1
7 1
8 1
9 1
10 1
11 1
12 1
13 -2
##Vessel [id start_location start_time]
0 7 6
1 5 85
2 4 0
3 3 8
4 2 1
##Bodies [id attached_to_vessel start_location]  (if -1 for attached_to_vessel: body starts detached)
0 1 5
1 1 5
2 3 3
3 -1 13
4 3 3
5 1 5
6 0 7
7 4 2
8 3 3
9 3 3
##Requests [id pickup_location_id pickup_from pickup_to delivery_location_id delivery_from delivery_to num_containers at_body_id]
0 2 4320 6450 1 4320 18274 7 -1
1 0 2880 7702 7 2880 10541 1 -1
2 -1 -1 -1 2 8640 22359 13 4
3 7 2880 8491 6 3549 8491 19 -1
4 3 2880 4320 5 2880 10319 16 -1
5 0 15840 23587 11 17139 26995 1 -1
6 10 14400 21593 12 14400 23181 26 -1
7 7 1440 17715 8 15626 24919 24 -1
8 2 20160 27902 -1 -1 -1 13 -1
9 0 12960 17762 3 12960 22435 8 -1
10 8 5760 9387 1 5760 15261 16 -1
11 3 2880 8355 9 5632 25229 4 -1
12 -1 -1 -1 8 21600 34586 5 4
13 6 7200 10260 11 7200 13736 31 -1
14 -1 -1 -1 4 18720 30533 4 9
15 10 2880 10018 7 4331 19635 17 -1
16 1 20160 21600 8 20160 28703 12 -1
17 9 7200 12995 11 7200 24379 11 -1
18 5 15840 20313 1 15840 28572 2 -1
19 -1 -1 -1 2 21600 24106 30 0
20 9 8640 25518 7 21427 35857 3 -1
21 6 4320 13483 8 4320 20989 20 -1
22 12 10080 16103 10 10080 25346 3 -1
23 10 11520 16161 5 12217 17450 17 -1
24 3 23040 26878 2 23452 27813 15 -1
25 8 0 8152 1 2465 9389 1 -1
26 0 7200 14747 1 11546 17932 1 -1
27 1 14400 23289 7 18481 23289 16 -1
28 2 12960 21107 7 17730 38730 1 -1
29 9 10080 21735 3 18953 23610 21 -1
30 3 1440 8083 5 3971 8876 7 -1
31 5 15840 23533 2 17272 32962 5 -1
32 7 0 12397 1 4523 24639 19 -1
33 0 15840 21173 12 21319 30286 2 -1
34 6 5760 8185 10 5760 26760 33 -1
35 -1 -1 -1 7 18720 25774 24 2
36 -1 -1 -1 10 8640 13594 13 4
37 1 14400 15840 3 14400 23007 20 -1
38 11 15840 19442 2 15840 25760 5 -1
39 1 24480 26506 5 24480 31531 18 -1
40 -1 -1 -1 2 12960 28812 3 9
41 1 23040 28613 -1 -1 -1 10 -1
42 2 4320 6102 3 4320 13254 18 -1
43 10 15840 24662 3 18902 29238 2 -1
44 12 20160 27714 -1 -1 -1 9 -1
45 4 15840 24924 10 18692 32318 11 -1
46 4 4320 15545 0 9871 18558 14 -1
47 4 0 4811 3 0 6723 11 -1
48 3 2880 5988 6 6130 18284 10 -1
49 3 18720 21705 9 18720 29253 11 -1
50 10 11520 13554 0 11520 26077 10 -1
51 0 17280 23279 3 17280 32138 3 -1
52 1 4320 23119 2 19345 34526 4 -1
53 8 8640 21149 11 13995 25726 6 -1
54 0 14400 15840 11 14400 24293 28 -1
55 -1 -1 -1 10 8640 22299 1 8
56 -1 -1 -1 4 11520 13737 12 9
57 -1 -1 -1 0 15840 23986 9 7
58 5 8640 15947 0 14590 24165 13 -1
59 -1 -1 -1 10 7200 19361 9 3
60 3 2880 10253 1 7122 10253 11 -1
61 5 11520 19725 7 11520 23495 19 -1
62 12 4320 13785 8 4833 18029 1 -1
63 3 8640 19592 6 9970 21706 4 -1
64 3 25920 27706 -1 -1 -1 12 -1
65 8 8640 24527 7 19970 27358 11 -1
66 -1 -1 -1 9 1440 10398 3 6
67 8 17280 18720 10 17280 24315 5 -1
68 12 1440 3670 5 1440 5848 1 -1
69 8 4320 7791 4 4320 19051 23 -1
70 12 10080 15163 8 10245 25864 1 -1
71 -1 -1 -1 1 7200 23187 18 7
72 11 7200 16433 4 9502 23282 6 -1
73 4 5760 23333 8 20819 30560 15 -1
74 3 18720 28533 -1 -1 -1 1 -1
75 -1 -1 -1 1 18720 30087 3 4
76 -1 -1 -1 4 8640 10415 8 7
77 9 4320 11108 8 10602 12199 8 -1
78 9 11520 19978 7 17027 22752 6 -1
79 -1 -1 -1 10 2880 4320 10 6
80 -1 -1 -1 9 17280 28701 21 9
81 0 23040 26447 8 23040 33262 3 -1
82 0 14400 20288 3 15768 20288 9 -1
83 7 0 8487 3 6596 13529 5 -1
84 -1 -1 -1 9 12960 24684 16 7
85 5 15840 25113 2 19604 25113 13 -1
86 0 1440 4264 4 1440 11667 3 -1
87 3 14400 22353 7 21253 29187 27 -1
88 2 1440 14148 3 7621 20784 7 -1
89 12 15840 24005 11 18606 29529 10 -1
90 11 1440 3270 8 1440 12618 19 -1
91 5 2880 8265 7 4982 10797 8 -1
92 6 14400 23530 2 15638 30307 11 -1
93 -1 -1 -1 2 20160 33135 14 2
94 10 10080 20185 4 12602 23352 29 -1
95 3 4320 10214 6 5233 18132 1 -1
96 2 2880 9464 5 4941 20067 3 -1
97 -1 -1 -1 9 14400 17935 15 5
98 6 24480 26300 0 24480 29628 6 -1
99 11 14400 22567 9 22079 33981 3 -1
100 -1 -1 -1 0 10080 15016 25 7
101 -1 -1 -1 10 1440 17028 7 7
102 5 5760 13788 12 8551 13788 1 -1
103 9 8640 17216 0 13634 18183 5 -1
104 4 5760 11720 2 8932 15704 3 -1
105 6 11520 15694 1 11520 23104 14 -1
106 -1 -1 -1 0 5760 17607 14 2
107 2 12960 21331 9 21165 22605 3 -1
108 2 17280 22781 8 17280 27250 1 -1
109 1 11520 16756 11 12674 21888 16 -1
110 2 11520 19213 9 18054 28339 2 -1
111 12 7200 19594 11 14144 25183 19 -1
112 -1 -1 -1 3 5760 9967 2 5
113 5 1440 9264 7 7824 9264 11 -1
114 8 11520 13397 7 11520 25288 16 -1
115 5 21600 27345 2 21600 27591 4 -1
116 4 17280 26646 7 20501 27569 3 -1
117 1 12960 22693 3 18540 24274 24 -1
118 4 8640 12944 3 8640 17959 16 -1
119 -1 -1 -1 8 2880 16765 3 1
120 7 14400 18053 3 17053 22133 2 -1
121 8 24480 26947 3 24480 38551 5 -1
122 5 21600 23040 2 21600 32052 3 -1
123 9 14400 24646 6 18443 24646 1 -1
124 -1 -1 -1 11 17280 25215 4 6
125 -1 -1 -1 7 12960 20091 6 2
126 -1 -1 -1 6 7200 24512 17 9
127 3 5760 10675 7 5760 23619 34 -1
128 11 7200 18124 0 14237 31115 5 -1
129 9 7200 21288 12 14716 30179 14 -1
130 3 14400 23437 1 21690 29357 16 -1
131 2 11520 26418 4 19713 32292 18 -1
132 5 0 8170 12 1084 11068 2 -1
133 -1 -1 -1 6 0 6473 3 8
134 -1 -1 -1 1 1440 7500 2 2
135 8 8640 18729 1 14198 22310 4 -1
136 11 18720 27324 1 20931 28035 16 -1
137 3 11520 22030 11 18088 32100 9 -1
138 8 4320 10725 9 9335 26333 3 -1
139 12 4320 7090 9 4320 17103 9 -1
140 4 12960 19623 0 18520 31186 33 -1
141 11 24480 28522 -1 -1 -1 13 -1
142 8 10080 11520 2 10080 19469 16 -1
143 7 18720 26750 6 22775 26750 6 -1
144 -1 -1 -1 7 0 5963 6 9
145 11 11520 28446 -1 -1 -1 20 -1
146 0 18720 22412 7 18720 33669 7 -1
147 4 12960 19866 2 15644 25860 3 -1
148 9 11520 18676 6 14486 23243 13 -1
149 9 21600 24286 10 21600 34114 14 -1
#Distance_Matrix [row=from col=to] (given in meters)
0	64100	64700	59000	68800	198000	190300	53600	54000	70000	189700	174900	68200	64700	
64100	0	10900	6200	6800	135700	131800	14800	10400	5900	131300	116400	13500	10900	
64700	10900	0	5800	4100	135700	125600	15100	11000	6000	125000	110200	17300	0	
59000	6200	5800	0	9800	141400	131300	9300	5300	11700	130800	116000	11600	5800	
68800	6800	4100	9800	0	131600	125000	19100	15100	1900	124500	109600	20300	4100	
198000	135700	135700	141400	131600	0	233000	144400	146100	129800	232500	217700	149200	135700	
190300	131800	125600	131300	125000	233000	0	140600	136600	126700	2500	26200	142900	125600	
53600	14800	15100	9300	19100	144400	140600	0	4400	20700	140100	125300	16600	15100	
54000	10400	11000	5300	15100	146100	136600	4400	0	16300	136000	121200	15300	11000	
70000	5900	6000	11700	1900	129800	126700	20700	16300	0	126100	111300	19400	6000	
189700	131300	125000	130800	124500	232500	2500	140100	136000	126100	0	25600	142300	125000	
174900	116400	110200	116000	109600	217700	26200	125300	121200	111300	25600	0	127500	110200	
68200	13500	17300	11600	20300	149200	142900	16600	15300	19400	142300	127500	0	17300	
64700	10900	0	5800	4100	135700	125600	15100	11000	6000	125000	110200	17300	0	
