##Problem_info
speed(meters/minute): 333
coupling_time: 15
decoupling_time: 15
body_capacity: 100
max_bodies: 4
total_number_of_nodes: 14
total_number_of_vessels: 5
total_number_of_bodies: 10
total_number_of_requests: 150
unscheduled_cost_coefficient: 10000
service_time: 2
##Nodes [id is_swap_location]   (-2 is only swap location/transfer | 1 is customer that allow a body to be dropped)
0 1
1 1
2 1
3 1
4 1
5 1
6 1
7 1
8 1
9 1
10 1
11 1
12 1
13 -2
##Vessel [id start_location start_time]
0 0 214
1 7 21
2 13 77
3 12 37
4 11 126
##Bodies [id attached_to_vessel start_location]  (if -1 for attached_to_vessel: body starts detached)
0 2 13
1 0 0
2 2 13
3 4 11
4 -1 4
5 -1 6
6 0 0
7 -1 9
8 2 13
9 4 11
##Requests [id pickup_location_id pickup_from pickup_to delivery_location_id delivery_from delivery_to num_containers at_body_id]
0 10 7200 9268 1 7200 28200 2 -1
1 12 7200 21790 6 17754 25869 19 -1
2 6 7200 12981 4 7511 23205 1 -1
3 6 5760 20388 10 11197 22229 10 -1
4 8 14400 19267 12 15299 28378 1 -1
5 -1 -1 -1 12 11520 23272 27 5
6 -1 -1 -1 6 4320 16874 32 0
7 4 10080 16599 0 13885 22697 19 -1
8 -1 -1 -1 0 7200 20013 1 1
9 -1 -1 -1 4 17280 18720 10 5
10 0 18720 23971 5 18720 25486 9 -1
11 3 1440 14788 4 14302 24569 13 -1
12 6 5760 11289 3 8808 18966 9 -1
13 5 1440 5407 2 1534 5407 13 -1
14 6 10080 17941 5 10080 25444 15 -1
15 1 14400 23540 3 16116 30902 30 -1
16 3 8640 13964 1 13597 26715 1 -1
17 -1 -1 -1 6 0 8489 5 8
18 12 20160 25096 10 21521 25948 7 -1
19 -1 -1 -1 10 10080 18749 8 6
20 9 14400 18245 4 14400 20102 3 -1
21 11 0 2358 2 0 14519 2 -1
22 2 1440 7819 11 1440 14360 6 -1
23 11 15840 26248 1 23662 31926 1 -1
24 1 4320 13075 10 6767 25685 7 -1
25 3 11520 24783 6 23084 41787 20 -1
26 2 2880 9729 12 6618 18167 9 -1
27 1 21600 27440 -1 -1 -1 9 -1
28 7 0 4972 12 117 15114 8 -1
29 10 2880 5770 1 2880 17382 24 -1
30 -1 -1 -1 2 25920 31855 2 1
31 1 7200 12496 2 11479 20258 2 -1
32 9 10080 12531 8 14909 33828 23 -1
33 2 10080 17911 10 11604 23719 12 -1
34 -1 -1 -1 7 0 11208 4 8
35 9 7200 14467 3 8231 16621 16 -1
36 1 17280 27758 -1 -1 -1 9 -1
37 7 15840 27749 -1 -1 -1 15 -1
38 -1 -1 -1 11 14400 18714 23 2
39 -1 -1 -1 11 4320 8284 6 5
40 2 5760 15953 3 8242 20296 4 -1
41 2 18720 21789 4 19528 28582 1 -1
42 4 2880 12994 10 5292 13441 20 -1
43 12 1440 7106 7 2514 13466 1 -1
44 1 11520 15743 8 13620 21326 17 -1
45 -1 -1 -1 10 11520 19624 8 6
46 6 8640 10080 0 8640 14916 6 -1
47 7 12960 21194 5 15472 21368 41 -1
48 11 4320 18547 6 12317 18547 1 -1
49 3 0 4417 6 1356 10512 20 -1
50 7 10080 19211 12 16308 23482 1 -1
51 8 0 1440 7 0 9139 1 -1
52 12 21600 27925 -1 -1 -1 17 -1
53 -1 -1 -1 10 2880 7262 1 9
54 5 15840 18196 2 15840 31384 22 -1
55 7 2880 8195 5 3198 18670 7 -1
56 -1 -1 -1 10 10080 14509 3 4
57 5 5760 9621 6 5760 15497 8 -1
58 12 8640 13916 8 16024 22928 4 -1
59 -1 -1 -1 2 11520 21075 14 0
60 -1 -1 -1 2 0 7672 26 7
61 -1 -1 -1 10 15840 23752 14 1
62 6 14400 21415 5 14400 26639 19 -1
63 0 20160 22512 2 20395 37116 2 -1
64 6 15840 18101 12 15840 22740 31 -1
65 -1 -1 -1 4 24480 40000 14 8
66 -1 -1 -1 0 0 11340 1 9
67 -1 -1 -1 12 5760 18847 30 5
68 1 11520 15139 8 11520 24095 4 -1
69 11 7200 19022 6 16275 19022 13 -1
70 10 2880 17714 2 7502 23688 17 -1
71 -1 -1 -1 6 18720 27778 1 7
72 11 0 3372 7 0 9379 25 -1
73 2 1440 9374 0 1440 14996 21 -1
74 -1 -1 -1 10 15840 31719 21 9
75 0 23040 25075 8 23040 35263 10 -1
76 12 2880 9864 7 8317 9864 10 -1
77 8 15840 18790 3 15840 29622 26 -1
78 5 1440 6124 1 1440 11410 17 -1
79 1 7200 9990 6 7200 13156 13 -1
80 -1 -1 -1 8 0 11332 2 1
81 6 2880 4593 12 2880 11486 7 -1
82 -1 -1 -1 5 8640 18609 10 7
83 10 12960 18544 0 14102 26719 2 -1
84 10 1440 9087 0 6232 16741 15 -1
85 0 8640 16585 2 14523 19890 5 -1
86 6 1440 9144 10 5797 20854 1 -1
87 11 17280 24380 9 17645 31231 3 -1
88 12 20160 27650 -1 -1 -1 20 -1
89 0 8640 15718 9 8640 21459 11 -1
90 12 15840 24186 5 22419 33189 11 -1
91 -1 -1 -1 2 17280 29298 8 0
92 3 12960 14707 8 12960 20994 7 -1
93 -1 -1 -1 5 11520 27499 26 2
94 12 18720 21519 5 18720 30289 14 -1
95 -1 -1 -1 6 0 13601 12 5
96 6 14400 15840 4 14400 15840 20 -1
97 5 1440 2880 12 1440 8375 14 -1
98 10 10080 21033 12 16792 27691 13 -1
99 12 1440 13905 2 11859 13905 6 -1
100 6 10080 17061 7 12145 25725 19 -1
101 8 10080 20365 2 14207 22837 5 -1
102 8 1440 12588 1 5193 14242 15 -1
103 1 5760 12673 8 9126 12673 18 -1
104 3 8640 18475 0 10123 20455 21 -1
105 -1 -1 -1 2 17280 20052 5 6
106 3 11520 13536 5 11520 18149 1 -1
107 0 7200 20325 4 16637 29332 1 -1
108 8 1440 2880 9 1440 7067 1 -1
109 10 2880 17415 0 10744 26218 3 -1
110 2 17280 25800 0 21217 27288 7 -1
111 2 2880 11429 0 11377 12817 1 -1
112 2 11520 17415 5 16345 23856 10 -1
113 4 0 6402 1 2865 11154 4 -1
114 4 4320 7634 2 4320 14439 7 -1
115 7 23040 24731 9 23040 33135 12 -1
116 -1 -1 -1 11 4320 7711 1 3
117 -1 -1 -1 1 0 14307 1 6
118 6 7200 17325 0 17592 22552 1 -1
119 2 23040 24480 10 23040 34102 13 -1
120 4 15840 18775 8 15840 20339 3 -1
121 3 18720 27675 -1 -1 -1 9 -1
122 -1 -1 -1 2 21600 26101 24 3
123 1 2880 14729 3 13021 25627 9 -1
124 1 17280 25804 11 24314 38566 9 -1
125 -1 -1 -1 7 20160 26208 26 8
126 -1 -1 -1 6 4320 12692 14 2
127 -1 -1 -1 8 0 9340 3 6
128 0 8640 15240 8 12324 24053 2 -1
129 7 11520 16956 12 13706 23091 5 -1
130 -1 -1 -1 1 5760 11081 8 5
131 6 10080 13024 7 10080 15830 4 -1
132 4 15840 22600 7 18251 32122 3 -1
133 4 18720 26707 6 19841 31215 1 -1
134 -1 -1 -1 7 5760 10981 1 0
135 5 14400 21976 1 14400 22770 9 -1
136 0 17280 28276 -1 -1 -1 4 -1
137 5 17280 24829 11 18902 33313 8 -1
138 0 21600 25427 12 21600 29609 3 -1
139 5 11520 15149 6 11520 19251 20 -1
140 8 17280 22253 10 17280 28982 3 -1
141 11 24480 27068 8 24480 43334 5 -1
142 7 8640 16533 9 8640 23663 4 -1
143 -1 -1 -1 7 20160 29610 18 7
144 5 17280 21418 2 17280 24117 17 -1
145 12 7200 11103 10 7200 15010 11 -1
146 4 17280 21598 0 21066 32680 16 -1
147 0 12960 19936 11 16109 24616 25 -1
148 7 7200 11430 5 7200 12856 2 -1
149 3 11520 22807 11 20375 30205 10 -1
#Distance_Matrix [row=from col=to] (given in meters)
0	64100	64700	59000	68800	198000	190300	53600	54000	70000	189700	174900	68200	64700	
64100	0	10900	6200	6800	135700	131800	14800	10400	5900	131300	116400	13500	10900	
64700	10900	0	5800	4100	135700	125600	15100	11000	6000	125000	110200	17300	0	
59000	6200	5800	0	9800	141400	131300	9300	5300	11700	130800	116000	11600	5800	
68800	6800	4100	9800	0	131600	125000	19100	15100	1900	124500	109600	20300	4100	
198000	135700	135700	141400	131600	0	233000	144400	146100	129800	232500	217700	149200	135700	
190300	131800	125600	131300	125000	233000	0	140600	136600	126700	2500	26200	142900	125600	
53600	14800	15100	9300	19100	144400	140600	0	4400	20700	140100	125300	16600	15100	
54000	10400	11000	5300	15100	146100	136600	4400	0	16300	136000	121200	15300	11000	
70000	5900	6000	11700	1900	129800	126700	20700	16300	0	126100	111300	19400	6000	
189700	131300	125000	130800	124500	232500	2500	140100	136000	126100	0	25600	142300	125000	
174900	116400	110200	116000	109600	217700	26200	125300	121200	111300	25600	0	127500	110200	
68200	13500	17300	11600	20300	149200	142900	16600	15300	19400	142300	127500	0	17300	
64700	10900	0	5800	4100	135700	125600	15100	11000	6000	125000	110200	17300	0	
