##Problem_info
speed(meters/minute): 333
coupling_time: 15
decoupling_time: 15
body_capacity: 100
max_bodies: 4
total_number_of_nodes: 14
total_number_of_vessels: 5
total_number_of_bodies: 10
total_number_of_requests: 150
unscheduled_cost_coefficient: 10000
service_time: 2
##Nodes [id is_swap_location]   (-2 is only swap location/transfer | 1 is customer that allow a body to be dropped)
0 1
1 1
2 1
3 1
4 1
5 1
6 1
7 1
8 1
9 1
10 1
11 1
12 1
13 -2
##Vessel [id start_location start_time]
0 4 48
1 12 157
2 10 5
3 9 0
4 8 7
##Bodies [id attached_to_vessel start_location]  (if -1 for attached_to_vessel: body starts detached)
0 1 12
1 3 9
2 1 12
3 3 9
4 1 12
5 3 9
6 1 12
7 4 8
8 0 4
9 -1 2
##Requests [id pickup_location_id pickup_from pickup_to delivery_location_id delivery_from delivery_to num_containers at_body_id]
0 -1 -1 -1 0 1440 15626 20 4
1 7 11520 17397 3 14596 22762 1 -1
2 9 14400 17240 4 14400 29067 1 -1
3 10 25920 28639 -1 -1 -1 6 -1
4 11 5760 13485 8 8128 13485 1 -1
5 10 15840 20529 2 15840 25662 19 -1
6 -1 -1 -1 9 4320 8531 17 5
7 9 5760 23964 5 20419 33534 20 -1
8 1 14400 24185 8 15538 26977 2 -1
9 0 18720 26281 5 21489 26281 6 -1
10 3 1440 10933 10 5114 19102 1 -1
11 11 18720 21818 4 18803 31414 15 -1
12 11 7200 8640 1 7200 18971 36 -1
13 -1 -1 -1 0 4320 16091 10 6
14 -1 -1 -1 5 25920 40290 7 6
15 2 7200 21879 6 16593 30904 5 -1
16 9 21600 25634 1 23972 25634 17 -1
17 4 23040 25485 11 23403 31148 11 -1
18 3 7200 8640 4 7200 23662 1 -1
19 11 0 20982 0 16004 21574 6 -1
20 7 10080 17487 9 14920 29183 12 -1
21 3 4320 14288 6 7054 15071 10 -1
22 1 10080 11520 5 10080 27632 24 -1
23 -1 -1 -1 10 1440 15855 1 1
24 1 14400 23104 9 20492 33796 16 -1
25 9 12960 22099 11 17691 30686 1 -1
26 3 12960 21828 2 18546 21828 5 -1
27 8 12960 18081 7 12960 26365 31 -1
28 -1 -1 -1 9 8640 16949 20 4
29 11 4320 10807 2 4320 15028 12 -1
30 4 0 3103 8 939 6740 22 -1
31 -1 -1 -1 1 8640 19862 13 0
32 4 10080 17775 11 13332 31126 17 -1
33 3 8640 17040 4 18614 33691 23 -1
34 -1 -1 -1 3 4320 16911 12 2
35 0 10080 21207 11 22759 27225 1 -1
36 7 17280 20077 6 17426 29388 9 -1
37 10 15840 22861 1 16606 22861 37 -1
38 -1 -1 -1 1 1440 10905 14 2
39 2 4320 6399 4 4320 16731 3 -1
40 3 2880 8979 9 4729 8979 11 -1
41 -1 -1 -1 9 2880 11515 5 0
42 6 21600 23040 10 21600 35121 7 -1
43 11 0 11954 0 6997 22886 9 -1
44 -1 -1 -1 3 12960 23039 15 7
45 7 8640 10287 4 8640 25655 4 -1
46 4 15840 21946 11 17484 30134 5 -1
47 1 18720 26226 0 19252 27024 4 -1
48 2 5760 12087 9 7123 15837 16 -1
49 -1 -1 -1 5 15840 23158 5 9
50 -1 -1 -1 0 18720 26424 11 3
51 1 18720 27300 9 20090 31705 2 -1
52 -1 -1 -1 10 24480 30053 10 7
53 7 10080 27948 -1 -1 -1 8 -1
54 -1 -1 -1 8 20160 30632 20 5
55 9 5760 21685 2 16473 21685 22 -1
56 1 10080 16480 8 10919 16480 16 -1
57 4 1440 15350 5 13719 15350 20 -1
58 -1 -1 -1 4 7200 19811 16 7
59 0 12960 16033 12 12960 23567 17 -1
60 -1 -1 -1 0 21600 33016 3 0
61 11 8640 16321 8 8653 21219 31 -1
62 2 17280 21425 1 17397 21425 10 -1
63 -1 -1 -1 8 18720 22727 8 4
64 7 7200 8640 3 7200 17900 5 -1
65 6 5760 15386 12 9646 19819 1 -1
66 4 1440 12036 11 7232 27897 1 -1
67 0 2880 10623 3 9408 17479 10 -1
68 -1 -1 -1 1 0 20008 1 9
69 10 10080 15107 4 10080 18096 13 -1
70 -1 -1 -1 11 17280 27655 25 0
71 3 15840 19071 5 17631 19071 2 -1
72 8 21600 26882 7 21600 31693 1 -1
73 -1 -1 -1 9 20160 32725 5 6
74 6 0 16207 1 6731 24767 19 -1
75 10 2880 4877 3 2880 16311 8 -1
76 12 11520 23144 7 22274 37124 11 -1
77 -1 -1 -1 6 23040 38975 8 1
78 -1 -1 -1 11 23040 30671 6 5
79 6 17280 18720 11 17280 26516 10 -1
80 7 2880 13183 1 4809 19348 5 -1
81 4 14400 22237 6 17115 27278 1 -1
82 -1 -1 -1 2 1440 16935 10 0
83 9 20160 23724 7 20160 30951 1 -1
84 0 17280 24849 8 18879 31659 3 -1
85 7 8640 19756 6 13671 23142 18 -1
86 10 8640 17546 3 14156 22025 8 -1
87 -1 -1 -1 0 0 1440 1 6
88 2 21600 25988 10 24525 34410 1 -1
89 -1 -1 -1 11 24480 36775 4 4
90 5 24480 28228 -1 -1 -1 13 -1
91 7 10080 17307 4 14166 17307 6 -1
92 6 17280 23102 3 24611 43104 9 -1
93 2 15840 23163 9 21723 23163 9 -1
94 6 10080 16612 10 16318 27558 1 -1
95 5 12960 23019 10 19798 33662 12 -1
96 2 24480 26840 5 24480 42010 5 -1
97 1 20160 21600 5 20160 33229 25 -1
98 1 5760 8203 4 5760 13050 20 -1
99 9 11520 12960 0 11520 28104 19 -1
100 2 15840 27024 5 24685 37301 3 -1
101 9 15840 23044 3 16983 23044 29 -1
102 8 23040 24480 5 23890 32904 5 -1
103 10 4320 15692 7 11470 18307 9 -1
104 5 18720 22752 2 18720 31177 14 -1
105 0 12960 18776 12 12960 31366 5 -1
106 -1 -1 -1 10 12960 19521 13 2
107 -1 -1 -1 7 18720 25976 6 2
108 11 18720 23504 10 18720 30663 26 -1
109 0 14400 24061 3 18377 24061 18 -1
110 6 4320 16315 3 7321 23955 3 -1
111 12 11520 12960 7 11520 17950 6 -1
112 5 14400 16386 2 14400 29161 1 -1
113 -1 -1 -1 6 23040 27147 1 8
114 5 21600 23776 7 21600 29277 4 -1
115 -1 -1 -1 1 21600 33445 11 2
116 1 21600 27716 -1 -1 -1 30 -1
117 7 2880 10101 0 3747 10101 19 -1
118 7 7200 16176 5 15053 16493 6 -1
119 8 11520 12960 2 11520 23122 10 -1
120 -1 -1 -1 11 1440 4858 4 3
121 12 8640 17714 9 17480 33577 7 -1
122 12 15840 24642 2 25182 30566 1 -1
123 2 1440 11935 11 5044 15345 4 -1
124 8 21600 27875 -1 -1 -1 1 -1
125 -1 -1 -1 12 5760 19540 10 3
126 1 20160 25065 2 23625 25065 3 -1
127 -1 -1 -1 8 24480 36493 23 2
128 6 14400 24393 2 18772 29659 13 -1
129 -1 -1 -1 7 8640 22393 29 6
130 -1 -1 -1 3 11520 19274 13 5
131 7 17280 23592 6 17280 32754 7 -1
132 8 15840 22683 6 16262 27780 29 -1
133 -1 -1 -1 2 21600 33256 5 1
134 7 8640 20876 3 11749 30438 3 -1
135 -1 -1 -1 11 20160 30158 21 5
136 -1 -1 -1 12 21600 28274 7 1
137 12 0 14135 11 11273 19057 10 -1
138 10 20160 24082 5 20160 39163 12 -1
139 -1 -1 -1 7 2880 15500 3 4
140 7 4320 6845 10 4320 9019 11 -1
141 10 15840 19754 6 15840 22923 4 -1
142 0 5760 13937 1 8969 13973 5 -1
143 -1 -1 -1 3 10080 28433 28 7
144 -1 -1 -1 12 1440 9519 28 9
145 0 4320 6949 11 5375 15959 13 -1
146 3 12960 14400 11 14598 20099 9 -1
147 7 2880 13425 8 10718 19157 27 -1
148 4 5760 17245 5 9688 22516 2 -1
149 -1 -1 -1 2 11520 14683 8 9
#Distance_Matrix [row=from col=to] (given in meters)
0	64100	64700	59000	68800	198000	190300	53600	54000	70000	189700	174900	68200	64700	
64100	0	10900	6200	6800	135700	131800	14800	10400	5900	131300	116400	13500	10900	
64700	10900	0	5800	4100	135700	125600	15100	11000	6000	125000	110200	17300	0	
59000	6200	5800	0	9800	141400	131300	9300	5300	11700	130800	116000	11600	5800	
68800	6800	4100	9800	0	131600	125000	19100	15100	1900	124500	109600	20300	4100	
198000	135700	135700	141400	131600	0	233000	144400	146100	129800	232500	217700	149200	135700	
190300	131800	125600	131300	125000	233000	0	140600	136600	126700	2500	26200	142900	125600	
53600	14800	15100	9300	19100	144400	140600	0	4400	20700	140100	125300	16600	15100	
54000	10400	11000	5300	15100	146100	136600	4400	0	16300	136000	121200	15300	11000	
70000	5900	6000	11700	1900	129800	126700	20700	16300	0	126100	111300	19400	6000	
189700	131300	125000	130800	124500	232500	2500	140100	136000	126100	0	25600	142300	125000	
174900	116400	110200	116000	109600	217700	26200	125300	121200	111300	25600	0	127500	110200	
68200	13500	17300	11600	20300	149200	142900	16600	15300	19400	142300	127500	0	17300	
64700	10900	0	5800	4100	135700	125600	15100	11000	6000	125000	110200	17300	0	
