##Problem_info
speed(meters/minute): 333
coupling_time: 15
decoupling_time: 15
body_capacity: 100
max_bodies: 4
total_number_of_nodes: 14
total_number_of_vessels: 5
total_number_of_bodies: 10
total_number_of_requests: 200
unscheduled_cost_coefficient: 10000
service_time: 2
##Nodes [id is_swap_location]   (-2 is only swap location/transfer | 1 is customer that allow a body to be dropped)
0 1
1 1
2 1
3 1
4 1
5 1
6 1
7 1
8 1
9 1
10 1
11 1
12 1
13 -2
##Vessel [id start_location start_time]
0 1 2
1 0 55
2 2 14
3 13 151
4 12 20
##Bodies [id attached_to_vessel start_location]  (if -1 for attached_to_vessel: body starts detached)
0 3 13
1 1 0
2 0 1
3 4 12
4 1 0
5 3 13
6 -1 6
7 0 1
8 -1 4
9 3 13
##Requests [id pickup_location_id pickup_from pickup_to delivery_location_id delivery_from delivery_to num_containers at_body_id]
0 12 2880 8150 7 2880 12963 9 -1
1 -1 -1 -1 9 20160 41160 9 8
2 9 20160 26805 10 21328 32777 28 -1
3 10 7200 11591 1 7200 28200 5 -1
4 8 7200 14880 4 13802 23364 3 -1
5 4 11520 14069 3 12629 14069 16 -1
6 9 25920 28716 -1 -1 -1 3 -1
7 12 8640 12573 7 9142 19891 1 -1
8 -1 -1 -1 4 12960 16308 18 2
9 -1 -1 -1 5 7200 17824 17 8
10 2 8640 12837 11 8910 12837 19 -1
11 -1 -1 -1 9 24480 42013 12 5
12 2 2880 13165 5 12420 15008 5 -1
13 8 8640 11920 5 8640 16126 2 -1
14 3 15840 20385 4 17185 30055 2 -1
15 4 18720 20186 9 18720 34459 15 -1
16 7 10080 16154 8 10080 21764 9 -1
17 0 7200 15554 5 15997 36997 10 -1
18 8 20160 26441 2 26616 31270 1 -1
19 4 10080 15318 0 10080 19561 19 -1
20 5 2880 6023 7 2880 9958 4 -1
21 3 14400 23822 6 16293 27473 3 -1
22 6 2880 4320 12 3980 16361 11 -1
23 2 7200 20612 12 15472 30229 1 -1
24 12 15840 26880 5 23493 32850 2 -1
25 -1 -1 -1 12 1440 13470 13 6
26 -1 -1 -1 0 4320 5760 14 6
27 -1 -1 -1 11 14400 22261 4 2
28 1 4320 11357 10 7612 18334 17 -1
29 -1 -1 -1 11 15840 24067 9 5
30 0 1440 15541 1 8703 20073 3 -1
31 12 15840 18494 7 15840 27039 1 -1
32 6 8640 18690 5 15969 27326 9 -1
33 4 4320 7798 5 4320 20645 20 -1
34 11 15840 22138 8 16797 28893 12 -1
35 -1 -1 -1 4 2880 6321 15 4
36 12 12960 17428 7 12960 24343 10 -1
37 11 12960 23441 7 22001 23441 5 -1
38 -1 -1 -1 3 14400 28433 3 0
39 9 10080 18796 7 12500 27648 34 -1
40 12 18720 20271 11 18720 29743 3 -1
41 -1 -1 -1 2 2880 14490 4 0
42 -1 -1 -1 6 10080 29999 38 7
43 6 0 5752 8 1372 5752 4 -1
44 8 5760 19082 0 15920 19082 1 -1
45 3 1440 6474 4 1440 9344 15 -1
46 12 7200 18093 3 9303 21474 1 -1
47 10 18720 26295 3 24415 33760 14 -1
48 6 1440 13175 3 9543 18098 4 -1
49 2 5760 14622 8 9511 16960 20 -1
50 1 4320 10866 11 4320 20529 10 -1
51 -1 -1 -1 0 18720 28869 17 2
52 5 4320 10050 12 8195 10050 21 -1
53 3 12960 18029 1 13502 27904 1 -1
54 2 8640 14042 6 10468 24012 10 -1
55 3 2880 10295 4 6504 10295 19 -1
56 7 10080 19427 2 16689 25746 20 -1
57 -1 -1 -1 10 21600 32871 13 3
58 7 12960 26101 2 21289 29058 6 -1
59 5 4320 14529 1 11125 17541 1 -1
60 -1 -1 -1 7 7200 23282 11 5
61 3 5760 9178 0 5760 19183 36 -1
62 11 14400 23894 6 21053 31432 7 -1
63 6 1440 22036 12 19866 30399 10 -1
64 3 17280 23079 4 20827 39718 8 -1
65 -1 -1 -1 11 20160 29373 4 3
66 4 0 13980 9 7411 13980 10 -1
67 -1 -1 -1 10 0 8112 5 2
68 -1 -1 -1 11 4320 9043 1 0
69 -1 -1 -1 4 4320 15694 19 3
70 6 11520 16463 9 11520 22389 6 -1
71 12 0 12867 3 6961 22659 2 -1
72 7 10080 11565 2 10080 12433 8 -1
73 4 15840 23395 12 20775 32962 3 -1
74 6 2880 12099 12 8234 18448 6 -1
75 -1 -1 -1 3 14400 16651 3 4
76 2 20160 25462 10 20927 29687 10 -1
77 12 0 4124 4 0 6749 6 -1
78 -1 -1 -1 7 8640 20451 18 3
79 1 0 5441 5 901 7835 1 -1
80 5 15840 21060 7 15840 31654 3 -1
81 -1 -1 -1 4 14400 28974 6 1
82 12 18720 24686 2 18720 27727 3 -1
83 4 20160 24894 12 23583 32825 32 -1
84 1 15840 21991 2 18437 24775 15 -1
85 12 5760 12095 0 5760 15293 10 -1
86 3 4320 9102 1 4320 20372 13 -1
87 5 7200 20185 4 14559 32317 9 -1
88 -1 -1 -1 8 5760 7394 17 5
89 -1 -1 -1 9 1440 3626 1 2
90 6 2880 9446 9 3410 14014 21 -1
91 9 4320 15733 4 14293 15733 12 -1
92 -1 -1 -1 3 7200 14977 5 9
93 11 10080 11520 6 10080 20301 1 -1
94 2 23040 25590 1 23505 38833 19 -1
95 0 20160 28608 -1 -1 -1 8 -1
96 -1 -1 -1 12 15840 29839 7 4
97 5 2880 6990 7 3011 7357 1 -1
98 7 11520 16246 1 11520 26782 19 -1
99 1 17280 18720 4 17280 30284 17 -1
100 7 21600 26071 2 22295 26071 5 -1
101 -1 -1 -1 12 1440 12461 29 4
102 8 15840 19719 7 15951 20441 9 -1
103 -1 -1 -1 1 23040 26978 4 1
104 2 0 7108 7 0 13519 8 -1
105 -1 -1 -1 7 2880 11511 3 6
106 8 4320 9614 5 4320 25320 1 -1
107 0 10080 11520 5 10080 13128 19 -1
108 10 14400 20281 2 18878 27461 22 -1
109 9 20160 22985 5 20160 25861 28 -1
110 2 11520 14881 1 12416 19873 3 -1
111 9 14400 20826 2 18817 20826 1 -1
112 10 4320 5760 1 4320 17401 1 -1
113 2 11520 15540 4 11520 26908 12 -1
114 7 5760 10522 3 9546 22632 6 -1
115 12 12960 24801 8 14846 28694 10 -1
116 0 15840 23046 6 20094 38510 1 -1
117 2 0 9944 4 5960 14100 14 -1
118 0 11520 16165 11 11898 24635 1 -1
119 3 1440 4825 11 1440 17325 1 -1
120 -1 -1 -1 4 21600 35248 13 4
121 0 5760 16656 4 10091 20167 4 -1
122 7 15840 20813 6 20030 32499 42 -1
123 3 18720 25344 8 22671 31843 1 -1
124 5 11520 13672 11 11520 26552 2 -1
125 9 10080 22603 7 20633 35040 1 -1
126 -1 -1 -1 4 17280 25915 11 4
127 8 5760 19033 3 11744 19033 9 -1
128 11 18720 20485 8 18720 30021 2 -1
129 3 4320 9533 2 4912 25290 1 -1
130 9 4320 8740 8 4320 11441 18 -1
131 7 0 5238 2 0 11683 15 -1
132 -1 -1 -1 12 10080 14311 18 9
133 2 2880 12138 10 6149 14811 7 -1
134 7 2880 9784 4 3039 12628 1 -1
135 -1 -1 -1 5 18720 32299 34 2
136 12 12960 20949 6 19509 20949 32 -1
137 -1 -1 -1 2 8640 20284 24 7
138 -1 -1 -1 2 12960 29300 3 0
139 10 11520 12960 11 11520 24216 17 -1
140 -1 -1 -1 2 7200 19173 34 3
141 -1 -1 -1 12 12960 15307 3 3
142 4 17280 27256 10 27385 29229 7 -1
143 -1 -1 -1 9 20160 31243 1 2
144 -1 -1 -1 0 7200 14510 20 4
145 9 20160 26989 7 22624 26989 16 -1
146 6 24480 28348 -1 -1 -1 29 -1
147 9 11520 20247 5 13897 20247 6 -1
148 8 12960 14400 5 12960 19686 27 -1
149 2 4320 5760 5 4320 13067 6 -1
150 3 1440 13987 4 6842 15890 3 -1
151 -1 -1 -1 12 17280 25466 5 8
152 11 25920 27360 8 25920 29742 2 -1
153 -1 -1 -1 3 4320 21316 9 2
154 4 20160 26727 9 25287 26727 17 -1
155 2 23040 26474 1 23040 27381 11 -1
156 1 0 13651 2 8613 14616 2 -1
157 4 24480 27799 -1 -1 -1 10 -1
158 -1 -1 -1 11 5760 16222 10 2
159 5 23040 26284 1 23040 28525 1 -1
160 4 12960 20801 5 17793 24942 10 -1
161 11 0 4581 5 1060 6856 7 -1
162 9 7200 9567 1 7200 16821 30 -1
163 5 1440 13207 12 8933 14489 1 -1
164 9 2880 11942 5 2880 19940 9 -1
165 11 5760 12351 12 7018 16385 13 -1
166 7 12960 21038 8 17396 21038 4 -1
167 3 5760 7200 12 5760 13625 5 -1
168 -1 -1 -1 4 7200 21135 12 6
169 0 18720 23026 1 24362 29818 7 -1
170 -1 -1 -1 6 14400 21486 11 8
171 2 1440 10847 12 9650 19716 17 -1
172 -1 -1 -1 0 2880 18094 1 4
173 -1 -1 -1 4 2880 11132 29 7
174 -1 -1 -1 0 12960 29174 43 6
175 -1 -1 -1 0 7200 22692 1 1
176 1 14400 17757 6 14400 25011 2 -1
177 2 2880 4964 1 2880 12851 1 -1
178 5 1440 6968 7 1440 12425 4 -1
179 6 8640 10512 12 8640 17801 27 -1
180 11 7200 12989 12 7200 13767 13 -1
181 10 8640 17310 8 8640 21934 9 -1
182 11 21600 28045 -1 -1 -1 37 -1
183 6 12960 17547 10 13587 19544 10 -1
184 10 14400 21729 2 18656 26222 10 -1
185 4 0 7709 1 1428 9322 3 -1
186 -1 -1 -1 6 2880 18958 13 9
187 8 2880 4320 9 2880 19525 1 -1
188 9 0 7491 2 3952 16093 1 -1
189 1 4320 10090 9 4320 16232 5 -1
190 1 7200 8640 2 7200 8640 16 -1
191 -1 -1 -1 7 4320 16330 12 9
192 0 0 2728 3 0 11830 21 -1
193 4 10080 19383 12 17474 27909 1 -1
194 0 8640 16777 6 8838 16777 25 -1
195 9 2880 14251 4 11570 27733 1 -1
196 11 20160 27449 -1 -1 -1 4 -1
197 -1 -1 -1 3 2880 10149 5 6
198 2 11520 19834 3 11520 22484 9 -1
199 11 11520 21824 4 14831 26240 2 -1
#Distance_Matrix [row=from col=to] (given in meters)
0	64100	64700	59000	68800	198000	190300	53600	54000	70000	189700	174900	68200	64700	
64100	0	10900	6200	6800	135700	131800	14800	10400	5900	131300	116400	13500	10900	
64700	10900	0	5800	4100	135700	125600	15100	11000	6000	125000	110200	17300	0	
59000	6200	5800	0	9800	141400	131300	9300	5300	11700	130800	116000	11600	5800	
68800	6800	4100	9800	0	131600	125000	19100	15100	1900	124500	109600	20300	4100	
198000	135700	135700	141400	131600	0	233000	144400	146100	129800	232500	217700	149200	135700	
190300	131800	125600	131300	125000	233000	0	140600	136600	126700	2500	26200	142900	125600	
53600	14800	15100	9300	19100	144400	140600	0	4400	20700	140100	125300	16600	15100	
54000	10400	11000	5300	15100	146100	136600	4400	0	16300	136000	121200	15300	11000	
70000	5900	6000	11700	1900	129800	126700	20700	16300	0	126100	111300	19400	6000	
189700	131300	125000	130800	124500	232500	2500	140100	136000	126100	0	25600	142300	125000	
174900	116400	110200	116000	109600	217700	26200	125300	121200	111300	25600	0	127500	110200	
68200	13500	17300	11600	20300	149200	142900	16600	15300	19400	142300	127500	0	17300	
64700	10900	0	5800	4100	135700	125600	15100	11000	6000	125000	110200	17300	0	
