##Problem_info
speed(meters/minute): 333
coupling_time: 15
decoupling_time: 15
body_capacity: 100
max_bodies: 4
total_number_of_nodes: 14
total_number_of_vessels: 5
total_number_of_bodies: 10
total_number_of_requests: 200
unscheduled_cost_coefficient: 10000
service_time: 2
##Nodes [id is_swap_location]   (-2 is only swap location/transfer | 1 is customer that allow a body to be dropped)
0 1
1 1
2 1
3 1
4 1
5 1
6 1
7 1
8 1
9 1
10 1
11 1
12 1
13 -2
##Vessel [id start_location start_time]
0 1 4
1 5 5
2 3 17
3 13 5
4 12 6
##Bodies [id attached_to_vessel start_location]  (if -1 for attached_to_vessel: body starts detached)
0 -1 2
1 1 5
2 2 3
3 0 1
4 4 12
5 2 3
6 1 5
7 -1 10
8 4 12
9 4 12
##Requests [id pickup_location_id pickup_from pickup_to delivery_location_id delivery_from delivery_to num_containers at_body_id]
0 11 14400 19736 2 14400 23579 1 -1
1 -1 -1 -1 11 15840 30481 4 3
2 -1 -1 -1 10 17280 24882 4 4
3 0 18720 24184 8 21049 31066 1 -1
4 -1 -1 -1 7 11520 18911 1 0
5 10 1440 6203 12 1440 11947 8 -1
6 6 24480 27970 -1 -1 -1 14 -1
7 6 15840 22889 9 21087 33908 1 -1
8 6 14400 28249 -1 -1 -1 16 -1
9 8 10080 11520 7 10080 14027 15 -1
10 8 5760 17321 1 13602 30019 9 -1
11 2 24480 28578 -1 -1 -1 19 -1
12 5 14400 20836 10 14400 28841 8 -1
13 5 17280 24848 6 17280 30712 2 -1
14 4 23040 25013 3 23040 29931 6 -1
15 1 15840 18406 7 16063 18406 20 -1
16 3 20160 22469 2 20160 35351 9 -1
17 10 20160 22861 3 20292 35525 1 -1
18 12 10080 19394 1 15347 23211 8 -1
19 5 21600 26952 10 27060 41383 13 -1
20 11 20160 24345 1 20956 24345 6 -1
21 -1 -1 -1 11 5760 15867 13 9
22 0 23040 27694 -1 -1 -1 11 -1
23 1 2880 8083 12 4596 17786 4 -1
24 0 0 1440 6 0 9046 7 -1
25 0 21600 23630 9 21600 36482 7 -1
26 8 12960 17240 11 12960 28036 8 -1
27 -1 -1 -1 1 10080 22904 8 5
28 12 15840 25658 1 22177 25658 16 -1
29 8 24480 28108 -1 -1 -1 42 -1
30 -1 -1 -1 11 17280 19571 10 7
31 -1 -1 -1 7 10080 21240 28 0
32 4 5760 11574 5 5773 16755 16 -1
33 -1 -1 -1 11 10080 14396 1 3
34 8 17280 26584 10 23623 26584 11 -1
35 8 15840 28670 -1 -1 -1 2 -1
36 4 12960 20293 8 15803 23057 11 -1
37 3 18720 22498 5 19089 22498 5 -1
38 5 10080 20841 6 19401 20841 21 -1
39 -1 -1 -1 7 7200 21437 13 6
40 1 12960 14791 3 12960 24336 19 -1
41 -1 -1 -1 2 2880 12672 9 5
42 0 17280 23833 4 17280 26431 13 -1
43 -1 -1 -1 7 1440 13089 8 9
44 0 11520 26647 5 22311 34888 1 -1
45 0 4320 7070 3 4320 19541 11 -1
46 1 14400 21994 11 18162 27796 5 -1
47 -1 -1 -1 0 12960 24543 19 6
48 -1 -1 -1 3 11520 27682 8 9
49 10 0 11969 2 10408 26866 8 -1
50 2 2880 13861 1 9157 22460 1 -1
51 -1 -1 -1 2 4320 13005 13 2
52 -1 -1 -1 10 11520 20030 10 7
53 6 5760 14150 10 6327 16861 16 -1
54 11 8640 12543 5 8640 21749 14 -1
55 3 10080 11520 1 10080 15520 15 -1
56 -1 -1 -1 9 17280 23319 15 9
57 -1 -1 -1 11 11520 27435 15 7
58 11 11520 17545 9 11520 26878 23 -1
59 8 12960 14400 9 12960 31091 25 -1
60 -1 -1 -1 7 10080 23028 13 2
61 8 5760 20520 10 13165 23033 4 -1
62 0 2880 13374 2 10545 17341 1 -1
63 9 4320 18812 1 14279 18812 7 -1
64 10 11520 25707 3 21974 25707 6 -1
65 10 5760 20406 3 18526 26811 2 -1
66 8 12960 18282 4 12960 25472 9 -1
67 7 17280 20978 5 18240 20978 8 -1
68 7 20160 22299 1 20160 36877 11 -1
69 -1 -1 -1 3 1440 20560 29 7
70 -1 -1 -1 3 25920 31688 11 0
71 -1 -1 -1 5 20160 33198 12 0
72 -1 -1 -1 4 7200 28200 7 9
73 3 12960 23078 10 21556 24803 3 -1
74 8 14400 24467 1 19142 29959 26 -1
75 6 8640 12644 3 8640 21464 35 -1
76 -1 -1 -1 10 0 12224 3 6
77 -1 -1 -1 4 0 7623 5 0
78 -1 -1 -1 2 1440 8560 9 0
79 1 0 8215 4 3815 10297 16 -1
80 -1 -1 -1 9 10080 20910 14 8
81 12 11520 14688 2 11520 23561 3 -1
82 4 23040 26985 2 23085 37855 22 -1
83 12 10080 22281 7 15670 27702 7 -1
84 6 18720 25706 12 21913 25816 2 -1
85 -1 -1 -1 5 14400 29579 2 7
86 6 10080 12246 1 10080 24325 17 -1
87 4 4320 16550 8 7913 18340 14 -1
88 -1 -1 -1 7 10080 31080 7 4
89 -1 -1 -1 4 17280 33104 16 3
90 -1 -1 -1 0 7200 27035 17 8
91 6 4320 11338 9 6303 18747 29 -1
92 -1 -1 -1 10 20160 28923 14 5
93 -1 -1 -1 8 8640 18595 7 5
94 9 1440 11884 0 3746 18431 1 -1
95 3 0 1912 12 3087 8648 27 -1
96 11 11520 17353 4 12717 32391 18 -1
97 -1 -1 -1 9 11520 26602 7 9
98 -1 -1 -1 8 2880 11683 1 1
99 -1 -1 -1 1 2880 14790 8 6
100 5 4320 9067 2 5034 9067 9 -1
101 1 17280 21018 11 18429 35315 10 -1
102 3 12960 16100 4 12960 25785 16 -1
103 5 5760 10812 7 5760 20950 10 -1
104 10 8640 18586 2 11642 19575 26 -1
105 -1 -1 -1 5 12960 26269 26 6
106 7 17280 22947 0 20439 29195 9 -1
107 -1 -1 -1 5 1440 10730 10 2
108 1 10080 16375 6 12876 16375 16 -1
109 2 8640 13543 4 12285 18944 1 -1
110 0 2880 12797 5 5977 15206 21 -1
111 10 8640 18530 1 16405 21538 7 -1
112 1 0 1440 3 0 3159 15 -1
113 -1 -1 -1 6 1440 15197 1 0
114 9 10080 14351 4 13750 24970 18 -1
115 11 17280 21131 7 17280 21342 15 -1
116 10 7200 18940 12 15353 32645 2 -1
117 -1 -1 -1 4 17280 23909 9 8
118 3 1440 10691 11 10011 20820 16 -1
119 -1 -1 -1 7 12960 25222 15 9
120 -1 -1 -1 5 20160 33149 2 9
121 -1 -1 -1 10 15840 25149 8 2
122 -1 -1 -1 0 0 8600 1 8
123 -1 -1 -1 6 14400 26005 11 1
124 -1 -1 -1 0 23040 28196 14 4
125 10 1440 15863 9 9304 21347 24 -1
126 1 0 12949 12 7973 14967 10 -1
127 9 10080 16528 8 13353 16528 8 -1
128 8 18720 28466 -1 -1 -1 7 -1
129 -1 -1 -1 8 5760 12352 12 0
130 -1 -1 -1 7 0 6497 7 4
131 11 2880 7524 9 2880 14758 14 -1
132 4 10080 22122 3 20053 22122 14 -1
133 10 7200 15076 5 13784 24778 7 -1
134 9 8640 20235 0 18085 29260 9 -1
135 4 7200 15126 5 11167 25051 10 -1
136 7 10080 11788 10 10080 16113 10 -1
137 10 4320 17196 9 11601 20610 23 -1
138 1 10080 23897 0 18419 26546 8 -1
139 9 24480 25920 6 24480 32955 4 -1
140 -1 -1 -1 3 4320 12434 14 2
141 2 11520 19197 3 12945 20662 11 -1
142 9 12960 18949 8 15600 18949 16 -1
143 2 11520 16606 9 14521 16606 20 -1
144 3 24480 25920 9 24480 37634 21 -1
145 3 17280 23358 4 21292 30350 6 -1
146 -1 -1 -1 9 5760 22104 1 2
147 -1 -1 -1 11 7200 24014 1 5
148 -1 -1 -1 12 7200 22946 9 8
149 1 21600 23040 5 21651 34353 7 -1
150 1 8640 18303 4 15646 21065 1 -1
151 3 11520 22871 8 21554 28522 5 -1
152 9 18720 20531 6 21398 32762 7 -1
153 0 7200 12303 6 7200 14970 4 -1
154 8 2880 18866 3 13656 22354 22 -1
155 12 11520 18585 6 12184 28487 1 -1
156 4 24480 26361 0 24480 38395 1 -1
157 6 12960 16914 12 12960 17776 1 -1
158 2 17280 27810 -1 -1 -1 1 -1
159 -1 -1 -1 1 18720 28161 25 5
160 11 15840 18306 4 15840 28303 32 -1
161 -1 -1 -1 12 18720 26379 21 2
162 10 7200 8640 11 7200 18197 11 -1
163 3 12960 24137 11 18883 24137 7 -1
164 1 18720 24521 10 20337 24546 1 -1
165 11 23040 27843 -1 -1 -1 18 -1
166 4 5760 12060 5 6902 17919 6 -1
167 4 24480 27807 -1 -1 -1 1 -1
168 2 20160 28349 -1 -1 -1 22 -1
169 6 4320 15020 1 7439 24783 15 -1
170 0 14400 20937 7 20905 33597 1 -1
171 -1 -1 -1 5 12960 20431 10 3
172 1 2880 7058 2 2880 15750 27 -1
173 2 1440 15172 8 9623 15994 5 -1
174 -1 -1 -1 4 11520 18670 18 6
175 -1 -1 -1 9 17280 26713 35 5
176 12 5760 12673 5 5760 14282 6 -1
177 0 14400 19215 9 15735 19215 5 -1
178 -1 -1 -1 2 7200 21611 14 3
179 6 5760 9695 11 7980 9695 5 -1
180 2 15840 24543 4 27623 38225 15 -1
181 3 1440 2880 12 1440 17690 2 -1
182 9 11520 20924 3 14565 20924 4 -1
183 -1 -1 -1 0 7200 23530 2 7
184 -1 -1 -1 0 11520 12960 13 0
185 0 15840 25135 12 20031 37613 1 -1
186 3 20160 26173 10 20429 36132 18 -1
187 1 8640 23066 8 21722 29510 36 -1
188 9 10080 18115 8 16239 25363 10 -1
189 0 8640 12759 6 13462 19601 11 -1
190 7 10080 19638 5 13951 22074 13 -1
191 10 14400 19741 0 18565 36728 5 -1
192 6 18720 24885 5 18720 25863 6 -1
193 6 0 5490 0 4560 7928 16 -1
194 10 17280 20767 3 17280 27265 14 -1
195 4 2880 9923 10 8483 9923 34 -1
196 7 4320 5760 2 4320 14452 21 -1
197 8 24480 25952 2 24480 31099 16 -1
198 -1 -1 -1 11 12960 22840 4 3
199 10 11520 18635 8 12713 21857 26 -1
#Distance_Matrix [row=from col=to] (given in meters)
0	64100	64700	59000	68800	198000	190300	53600	54000	70000	189700	174900	68200	64700	
64100	0	10900	6200	6800	135700	131800	14800	10400	5900	131300	116400	13500	10900	
64700	10900	0	5800	4100	135700	125600	15100	11000	6000	125000	110200	17300	0	
59000	6200	5800	0	9800	141400	131300	9300	5300	11700	130800	116000	11600	5800	
68800	6800	4100	9800	0	131600	125000	19100	15100	1900	124500	109600	20300	4100	
198000	135700	135700	141400	131600	0	233000	144400	146100	129800	232500	217700	149200	135700	
190300	131800	125600	131300	125000	233000	0	140600	136600	126700	2500	26200	142900	125600	
53600	14800	15100	9300	19100	144400	140600	0	4400	20700	140100	125300	16600	15100	
54000	10400	11000	5300	15100	146100	136600	4400	0	16300	136000	121200	15300	11000	
70000	5900	6000	11700	1900	129800	126700	20700	16300	0	126100	111300	19400	6000	
189700	131300	125000	130800	124500	232500	2500	140100	136000	126100	0	25600	142300	125000	
174900	116400	110200	116000	109600	217700	26200	125300	121200	111300	25600	0	127500	110200	
68200	13500	17300	11600	20300	149200	142900	16600	15300	19400	142300	127500	0	17300	
64700	10900	0	5800	4100	135700	125600	15100	11000	6000	125000	110200	17300	0	
