##Problem_info
speed(meters/minute): 333
coupling_time: 15
decoupling_time: 15
body_capacity: 100
max_bodies: 4
total_number_of_nodes: 14
total_number_of_vessels: 5
total_number_of_bodies: 10
total_number_of_requests: 200
unscheduled_cost_coefficient: 10000
service_time: 2
##Nodes [id is_swap_location]   (-2 is only swap location/transfer | 1 is customer that allow a body to be dropped)
0 1
1 1
2 1
3 1
4 1
5 1
6 1
7 1
8 1
9 1
10 1
11 1
12 1
13 -2
##Vessel [id start_location start_time]
0 4 3
1 12 0
2 11 121
3 10 94
4 9 10
##Bodies [id attached_to_vessel start_location]  (if -1 for attached_to_vessel: body starts detached)
0 0 4
1 2 11
2 -1 8
3 2 11
4 1 12
5 -1 3
6 -1 7
7 4 9
8 3 10
9 1 12
##Requests [id pickup_location_id pickup_from pickup_to delivery_location_id delivery_from delivery_to num_containers at_body_id]
0 8 2880 4320 11 2880 7500 8 -1
1 7 21600 24009 2 21600 34768 17 -1
2 8 18720 20160 9 18720 34128 13 -1
3 10 11520 12960 0 12142 25697 3 -1
4 11 4320 7192 3 5800 16885 23 -1
5 -1 -1 -1 10 14400 23246 14 9
6 9 15840 25444 11 23532 38181 11 -1
7 -1 -1 -1 12 2880 16032 2 9
8 -1 -1 -1 8 5760 16767 1 7
9 -1 -1 -1 10 11520 21228 2 4
10 7 12960 21683 3 18977 25428 1 -1
11 -1 -1 -1 0 8640 21137 7 2
12 -1 -1 -1 10 8640 17867 16 7
13 2 8640 13859 8 8640 19573 1 -1
14 6 27360 28800 -1 -1 -1 7 -1
15 7 21600 23763 8 21759 33342 15 -1
16 10 18720 25084 6 18720 26462 2 -1
17 2 14400 23148 4 24306 36613 6 -1
18 -1 -1 -1 1 12960 22663 3 4
19 -1 -1 -1 8 23040 32902 15 0
20 7 2880 12893 11 11206 21221 13 -1
21 10 11520 22349 6 11520 23155 1 -1
22 5 12960 22444 4 15898 33839 3 -1
23 2 23040 26205 1 23040 28922 4 -1
24 1 0 5019 7 1365 16515 23 -1
25 2 10080 14808 0 11754 22361 8 -1
26 -1 -1 -1 11 23040 31213 21 3
27 12 23040 25024 6 23040 25448 11 -1
28 7 5760 14736 6 9376 14736 5 -1
29 9 10080 15317 12 10080 25072 35 -1
30 -1 -1 -1 3 12960 21525 20 5
31 0 2880 12114 6 7640 15287 11 -1
32 7 18720 26472 12 22341 29146 23 -1
33 -1 -1 -1 10 10080 21456 28 9
34 2 5760 9518 12 5760 11650 4 -1
35 -1 -1 -1 4 14400 25047 15 5
36 -1 -1 -1 12 2880 20444 23 4
37 0 20160 21600 9 20160 25036 11 -1
38 -1 -1 -1 2 12960 25690 19 4
39 11 14400 23358 3 14400 29130 3 -1
40 9 1440 3215 8 1440 14759 13 -1
41 1 14400 23503 12 17784 25353 16 -1
42 -1 -1 -1 2 4320 21679 2 1
43 1 10080 18884 8 12818 27772 6 -1
44 12 0 8766 7 4426 16039 16 -1
45 2 4320 12678 10 4320 19009 7 -1
46 0 21600 25503 3 21600 35214 24 -1
47 9 7200 11650 6 7200 16472 11 -1
48 -1 -1 -1 11 0 3999 2 6
49 8 8640 21425 7 17846 21425 19 -1
50 -1 -1 -1 10 8640 22045 42 3
51 5 4320 21160 12 17986 25285 7 -1
52 3 7200 23890 4 17143 23890 16 -1
53 -1 -1 -1 10 8640 15386 1 1
54 -1 -1 -1 12 4320 20499 13 9
55 3 2880 13218 8 9705 28612 11 -1
56 -1 -1 -1 0 5760 11524 4 5
57 7 17280 26759 9 27126 40083 10 -1
58 -1 -1 -1 8 1440 13169 4 2
59 2 5760 7200 9 5760 12585 2 -1
60 8 8640 12492 11 8640 19180 20 -1
61 12 10080 19418 5 15831 22861 11 -1
62 -1 -1 -1 7 5760 19608 3 0
63 5 0 10336 1 1130 13742 31 -1
64 -1 -1 -1 10 7200 16817 19 5
65 9 7200 12029 2 7200 17760 2 -1
66 -1 -1 -1 11 7200 19118 8 1
67 -1 -1 -1 1 7200 22018 1 1
68 9 15840 18483 10 15840 29440 1 -1
69 4 20160 28168 -1 -1 -1 9 -1
70 -1 -1 -1 8 2880 9957 8 4
71 5 10080 18248 8 16780 30240 2 -1
72 1 12960 20820 10 16282 20820 3 -1
73 -1 -1 -1 1 2880 6487 7 6
74 -1 -1 -1 7 8640 14899 1 5
75 11 14400 27910 -1 -1 -1 26 -1
76 1 1440 5733 5 5391 8997 8 -1
77 9 18720 20160 4 18720 33354 8 -1
78 2 11520 19505 7 16772 26655 6 -1
79 0 20160 26398 8 26520 34606 7 -1
80 2 10080 13450 3 10080 26909 12 -1
81 -1 -1 -1 2 8640 21823 6 2
82 11 18720 25101 8 23400 25101 5 -1
83 -1 -1 -1 1 8640 19392 21 3
84 8 20160 25624 0 22369 41873 2 -1
85 12 15840 20208 9 15840 32059 1 -1
86 -1 -1 -1 7 23040 33601 17 7
87 6 2880 8617 1 2880 13232 1 -1
88 4 5760 21000 11 14867 23626 3 -1
89 10 8640 14629 1 8640 17813 29 -1
90 12 11520 21364 1 14925 21364 9 -1
91 1 14400 21261 12 16143 24602 27 -1
92 11 18720 26461 7 18720 27053 28 -1
93 9 8640 20463 1 16804 25541 5 -1
94 7 2880 9287 2 2880 11773 6 -1
95 12 2880 6152 8 2950 9381 14 -1
96 5 2880 5109 1 2880 10050 26 -1
97 -1 -1 -1 0 7200 19236 3 2
98 -1 -1 -1 1 18720 26115 5 8
99 9 10080 11520 0 10080 25431 6 -1
100 10 4320 7976 1 4320 10767 7 -1
101 8 5760 8969 4 5760 18025 21 -1
102 8 20160 22173 5 20160 32110 16 -1
103 10 5760 7200 5 5760 19294 9 -1
104 1 24480 25920 0 24480 31237 25 -1
105 8 8640 12835 6 8640 20318 13 -1
106 -1 -1 -1 0 10080 29322 1 2
107 4 7200 22134 3 18526 24280 1 -1
108 4 12960 18800 5 12960 21509 8 -1
109 -1 -1 -1 1 10080 23669 6 9
110 5 11520 15114 6 11761 20370 13 -1
111 -1 -1 -1 12 4320 19033 6 1
112 3 7200 8704 5 11306 22334 18 -1
113 -1 -1 -1 11 2880 15472 9 0
114 -1 -1 -1 3 10080 31080 6 9
115 10 7200 16090 9 13386 16090 3 -1
116 7 14400 20340 0 16475 29468 9 -1
117 0 4320 10225 11 5458 12501 16 -1
118 8 14400 21875 3 18021 28660 4 -1
119 -1 -1 -1 9 4320 7083 3 5
120 4 12960 22297 11 17874 30640 2 -1
121 8 15840 17417 6 15840 22321 18 -1
122 2 18720 25981 4 18720 32771 4 -1
123 -1 -1 -1 11 1440 9967 4 7
124 10 14400 23389 0 21952 24937 1 -1
125 9 2880 8812 12 3779 9971 24 -1
126 11 11520 18025 2 11520 22989 8 -1
127 -1 -1 -1 6 5760 17430 4 1
128 1 18720 20960 10 18720 21372 18 -1
129 -1 -1 -1 9 12960 23712 1 3
130 -1 -1 -1 8 20160 35932 8 6
131 9 18720 22712 6 18720 30139 18 -1
132 5 17280 18720 9 17280 26859 23 -1
133 9 0 14935 1 11577 14935 22 -1
134 2 1440 2880 3 1440 9524 6 -1
135 3 23040 25874 7 23040 27261 18 -1
136 -1 -1 -1 11 25920 31182 10 2
137 12 0 10312 1 4424 14420 1 -1
138 7 23040 26038 8 23040 34038 20 -1
139 5 8640 19652 10 16006 28678 6 -1
140 1 23040 27441 -1 -1 -1 1 -1
141 12 0 8207 1 335 16367 10 -1
142 12 8640 23438 0 19131 31804 1 -1
143 4 17280 25110 2 21672 36768 1 -1
144 5 18720 26072 0 24351 41224 6 -1
145 4 2880 12514 8 4788 13408 12 -1
146 -1 -1 -1 3 12960 28239 6 0
147 8 1440 8059 3 4220 12724 7 -1
148 7 20160 25178 11 20160 27054 1 -1
149 1 1440 2880 5 1440 13309 9 -1
150 8 4320 7284 7 4320 16032 11 -1
151 -1 -1 -1 8 11520 20245 24 0
152 7 12960 23477 4 17986 29475 26 -1
153 -1 -1 -1 4 17280 28661 25 7
154 8 0 1440 4 0 7644 11 -1
155 10 20160 28118 -1 -1 -1 8 -1
156 9 7200 11168 3 7200 20820 19 -1
157 -1 -1 -1 12 7200 12002 3 3
158 4 12960 27555 -1 -1 -1 9 -1
159 11 7200 12604 10 8983 12604 3 -1
160 4 15840 23501 1 21791 23501 3 -1
161 5 15840 28486 -1 -1 -1 10 -1
162 -1 -1 -1 11 0 2458 18 6
163 -1 -1 -1 7 11520 19433 28 4
164 6 14400 15840 2 14400 25189 29 -1
165 8 12960 24722 6 21049 29613 11 -1
166 1 2880 11418 8 9978 11418 14 -1
167 3 5760 10064 7 6529 13298 12 -1
168 -1 -1 -1 11 2880 12893 2 4
169 4 14400 19411 11 14604 19411 33 -1
170 0 4320 9730 2 6191 13032 12 -1
171 5 17280 27337 10 24876 32770 1 -1
172 5 0 1440 7 0 7772 17 -1
173 -1 -1 -1 10 11520 19616 10 4
174 2 12960 24041 9 22552 29671 1 -1
175 1 17280 25309 0 23417 44417 17 -1
176 9 18720 25020 4 19512 29616 14 -1
177 -1 -1 -1 3 12960 15603 1 0
178 5 7200 8640 8 7200 15319 2 -1
179 -1 -1 -1 12 18720 34685 15 5
180 7 1440 11443 5 8254 17593 2 -1
181 10 20160 28708 -1 -1 -1 14 -1
182 7 20160 21600 5 20160 28686 1 -1
183 -1 -1 -1 8 18720 26759 8 8
184 -1 -1 -1 1 23040 36211 9 3
185 10 10080 11701 3 10080 16024 5 -1
186 11 7200 10587 8 7200 17925 29 -1
187 7 7200 16416 10 7200 25536 10 -1
188 6 0 2456 7 0 11171 10 -1
189 11 8640 18660 0 11258 18660 9 -1
190 -1 -1 -1 9 7200 14240 8 9
191 1 7200 17471 8 17107 29042 10 -1
192 12 5760 18472 10 17179 29019 30 -1
193 4 12960 19734 7 17447 24074 11 -1
194 6 18720 25782 12 20527 29942 7 -1
195 9 23040 28543 -1 -1 -1 3 -1
196 8 14400 16625 9 14400 21071 1 -1
197 4 0 8209 0 3233 10964 1 -1
198 11 11520 22707 5 18319 35262 2 -1
199 12 15840 20226 7 18786 20226 3 -1
#Distance_Matrix [row=from col=to] (given in meters)
0	64100	64700	59000	68800	198000	190300	53600	54000	70000	189700	174900	68200	64700	
64100	0	10900	6200	6800	135700	131800	14800	10400	5900	131300	116400	13500	10900	
64700	10900	0	5800	4100	135700	125600	15100	11000	6000	125000	110200	17300	0	
59000	6200	5800	0	9800	141400	131300	9300	5300	11700	130800	116000	11600	5800	
68800	6800	4100	9800	0	131600	125000	19100	15100	1900	124500	109600	20300	4100	
198000	135700	135700	141400	131600	0	233000	144400	146100	129800	232500	217700	149200	135700	
190300	131800	125600	131300	125000	233000	0	140600	136600	126700	2500	26200	142900	125600	
53600	14800	15100	9300	19100	144400	140600	0	4400	20700	140100	125300	16600	15100	
54000	10400	11000	5300	15100	146100	136600	4400	0	16300	136000	121200	15300	11000	
70000	5900	6000	11700	1900	129800	126700	20700	16300	0	126100	111300	19400	6000	
189700	131300	125000	130800	124500	232500	2500	140100	136000	126100	0	25600	142300	125000	
174900	116400	110200	116000	109600	217700	26200	125300	121200	111300	25600	0	127500	110200	
68200	13500	17300	11600	20300	149200	142900	16600	15300	19400	142300	127500	0	17300	
64700	10900	0	5800	4100	135700	125600	15100	11000	6000	125000	110200	17300	0	
