##Problem_info
speed(meters/minute): 333
coupling_time: 15
decoupling_time: 15
body_capacity: 100
max_bodies: 4
total_number_of_nodes: 14
total_number_of_vessels: 5
total_number_of_bodies: 10
total_number_of_requests: 200
unscheduled_cost_coefficient: 10000
service_time: 2
##Nodes [id is_swap_location]   (-2 is only swap location/transfer | 1 is customer that allow a body to be dropped)
0 1
1 1
2 1
3 1
4 1
5 1
6 1
7 1
8 1
9 1
10 1
11 1
12 1
13 -2
##Vessel [id start_location start_time]
0 8 6
1 6 106
2 5 129
3 4 0
4 3 55
##Bodies [id attached_to_vessel start_location]  (if -1 for attached_to_vessel: body starts detached)
0 2 5
1 -1 4
2 4 3
3 -1 9
4 3 4
5 1 6
6 0 8
7 1 6
8 0 8
9 -1 11
##Requests [id pickup_location_id pickup_from pickup_to delivery_location_id delivery_from delivery_to num_containers at_body_id]
0 2 12960 16381 8 12960 21386 28 -1
1 1 17280 25775 0 19914 32383 2 -1
2 8 5760 11192 7 5760 20560 19 -1
3 9 8640 14932 12 8640 22680 14 -1
4 4 11520 17567 7 11520 19473 26 -1
5 7 23040 26724 1 26278 35383 8 -1
6 -1 -1 -1 11 12960 29261 19 6
7 8 23040 25225 9 23040 39023 19 -1
8 -1 -1 -1 1 15840 30582 5 2
9 9 12960 24615 4 18213 31404 6 -1
10 9 17280 19774 11 17280 28392 24 -1
11 -1 -1 -1 3 5760 17022 6 2
12 10 15840 23144 0 15840 26193 6 -1
13 -1 -1 -1 11 0 4885 8 7
14 12 11520 14546 5 13106 14546 3 -1
15 9 17280 24361 1 17576 26387 15 -1
16 8 1440 10895 3 4751 17134 7 -1
17 3 21600 23040 0 21600 26998 28 -1
18 1 15840 19643 9 15840 22729 5 -1
19 12 17280 18720 6 17443 35518 8 -1
20 -1 -1 -1 10 0 7487 13 6
21 8 15840 23505 9 19688 32950 13 -1
22 6 5760 7200 2 5760 11232 13 -1
23 12 18720 23519 8 18720 29802 16 -1
24 -1 -1 -1 6 18720 37952 25 6
25 10 11520 12960 7 11520 25549 1 -1
26 6 5760 14973 8 15049 23287 5 -1
27 3 20160 23867 1 21780 26735 6 -1
28 4 2880 5380 9 2880 11664 15 -1
29 3 20160 24064 9 20160 37273 8 -1
30 10 15840 17836 5 17738 26828 23 -1
31 1 11520 18446 6 11520 20539 1 -1
32 1 10080 18682 8 11772 19197 13 -1
33 0 23040 27288 8 23040 31854 4 -1
34 -1 -1 -1 10 17280 19797 11 8
35 -1 -1 -1 11 15840 24109 9 9
36 -1 -1 -1 12 15840 31421 34 1
37 4 0 2936 8 0 13921 10 -1
38 1 7200 21851 2 17059 22926 5 -1
39 3 4320 7948 9 4320 15523 7 -1
40 4 5760 19817 9 12687 19817 3 -1
41 3 4320 10227 12 4320 15200 21 -1
42 7 8640 10626 0 8640 24084 7 -1
43 6 17280 24647 10 20370 24647 8 -1
44 3 11520 16051 9 11520 21348 8 -1
45 12 15840 24554 8 19011 26528 18 -1
46 1 10080 15328 11 10080 18969 7 -1
47 3 18720 28566 -1 -1 -1 6 -1
48 10 7200 9717 1 11249 26821 8 -1
49 -1 -1 -1 9 0 15983 1 6
50 5 5760 17361 4 12487 29558 11 -1
51 9 0 6583 8 0 7380 19 -1
52 0 11520 22274 8 15007 22274 19 -1
53 -1 -1 -1 4 1440 11218 10 8
54 -1 -1 -1 8 10080 20160 1 4
55 -1 -1 -1 1 0 7950 7 4
56 -1 -1 -1 5 10080 23232 23 9
57 0 7200 9057 9 7200 16134 7 -1
58 7 7200 12202 4 8887 19042 12 -1
59 -1 -1 -1 2 7200 23254 7 4
60 6 10080 20240 7 16343 20261 14 -1
61 3 0 5614 6 209 14678 5 -1
62 0 11520 17602 6 13198 22983 26 -1
63 2 10080 18345 7 12584 21027 10 -1
64 8 15840 21465 10 17030 25123 2 -1
65 -1 -1 -1 1 1440 7657 2 9
66 -1 -1 -1 5 20160 26332 1 8
67 10 18720 24600 9 23160 24600 1 -1
68 -1 -1 -1 8 11520 22475 19 0
69 3 4320 15585 0 13569 22688 4 -1
70 -1 -1 -1 11 23040 33187 18 6
71 4 0 6915 3 2215 20780 8 -1
72 12 10080 16554 3 11145 22314 34 -1
73 5 1440 6385 0 3860 17176 18 -1
74 0 17280 26388 2 23186 28942 2 -1
75 12 7200 15610 11 9222 18847 33 -1
76 -1 -1 -1 2 24480 33584 1 4
77 -1 -1 -1 8 17280 27201 5 5
78 12 8640 14893 2 9872 19233 4 -1
79 10 11520 18234 8 11520 28571 9 -1
80 9 15840 20269 11 15840 26817 30 -1
81 8 17280 23208 9 20006 34678 17 -1
82 1 8640 15176 11 11255 17925 7 -1
83 11 20160 27984 -1 -1 -1 1 -1
84 0 5760 13630 7 10427 20677 7 -1
85 3 17280 23839 4 20752 41236 1 -1
86 2 0 1440 9 0 6891 10 -1
87 7 5760 12037 10 7529 16228 6 -1
88 2 2880 9555 5 8772 11254 21 -1
89 7 5760 9150 4 5760 17396 23 -1
90 7 11520 18389 0 11520 28058 11 -1
91 11 12960 18223 1 12960 22517 21 -1
92 8 12960 22009 3 19033 30151 6 -1
93 -1 -1 -1 8 23040 30075 1 8
94 -1 -1 -1 5 7200 20997 18 0
95 3 7200 10704 4 7200 18020 11 -1
96 2 10080 15082 1 10080 25328 5 -1
97 -1 -1 -1 12 1440 13361 1 4
98 10 18720 27635 -1 -1 -1 4 -1
99 1 4320 9924 9 4320 14845 2 -1
100 11 18720 21301 8 18720 33925 5 -1
101 2 15840 28081 -1 -1 -1 1 -1
102 0 11520 16271 12 14625 22265 8 -1
103 10 25920 27360 4 25920 32950 8 -1
104 0 23040 25334 10 23040 30644 7 -1
105 9 8640 14578 1 8640 16309 9 -1
106 -1 -1 -1 0 4320 13574 9 2
107 4 7200 18494 8 19522 24999 3 -1
108 12 23040 26056 6 23040 33163 10 -1
109 3 8640 24826 1 18913 31171 4 -1
110 -1 -1 -1 4 0 11418 21 1
111 11 4320 8185 9 4872 8185 6 -1
112 0 18720 22461 10 19586 29257 14 -1
113 7 0 7651 6 2715 12236 21 -1
114 10 21600 23040 4 21600 30760 17 -1
115 12 14400 23086 6 19782 23086 24 -1
116 2 17280 28124 -1 -1 -1 1 -1
117 4 10080 20231 6 15185 29121 7 -1
118 9 14400 20846 8 14400 30962 6 -1
119 5 21600 24852 6 23515 36067 10 -1
120 5 12960 25415 3 20126 25415 12 -1
121 3 14400 21614 1 16116 26091 10 -1
122 3 11520 12960 0 11520 16982 4 -1
123 0 0 4939 2 224 11140 1 -1
124 -1 -1 -1 3 24480 32042 3 1
125 -1 -1 -1 6 11520 20690 1 8
126 -1 -1 -1 4 5760 12795 3 1
127 6 5760 21162 0 14355 24566 22 -1
128 11 17280 22135 9 19410 22135 1 -1
129 3 8640 19779 12 16114 26764 16 -1
130 -1 -1 -1 2 7200 14334 7 9
131 0 1440 5879 3 4526 11030 19 -1
132 -1 -1 -1 2 2880 12236 6 6
133 9 0 12596 10 5194 26194 2 -1
134 6 5760 9610 12 5760 18055 8 -1
135 7 14400 20399 12 16997 23729 42 -1
136 11 21600 27866 -1 -1 -1 17 -1
137 -1 -1 -1 8 0 6639 7 5
138 3 15840 23870 0 21438 35388 19 -1
139 -1 -1 -1 4 11520 18831 7 2
140 3 14400 25771 1 20604 27596 12 -1
141 8 4320 17835 7 13214 23752 3 -1
142 4 5760 7520 5 5760 17524 10 -1
143 -1 -1 -1 6 8640 18906 3 2
144 7 8640 10146 4 8640 15595 15 -1
145 11 15840 22294 2 16629 22294 8 -1
146 5 5760 7200 0 5760 20622 10 -1
147 -1 -1 -1 5 7200 16532 6 6
148 1 23040 28372 -1 -1 -1 3 -1
149 10 4320 13141 6 10736 13141 12 -1
150 11 5760 18908 4 10545 26975 20 -1
151 -1 -1 -1 2 7200 13057 35 8
152 -1 -1 -1 2 10080 19474 2 5
153 9 23040 25291 2 23040 26896 6 -1
154 0 17280 28710 -1 -1 -1 16 -1
155 10 7200 9131 1 7200 20774 3 -1
156 -1 -1 -1 12 21600 31222 1 3
157 4 18720 20160 9 19299 39645 12 -1
158 -1 -1 -1 9 0 8380 4 2
159 11 11520 12960 3 11520 23707 1 -1
160 9 11520 20086 12 16921 23686 2 -1
161 7 11520 22902 6 15763 30379 9 -1
162 12 24480 27914 -1 -1 -1 4 -1
163 -1 -1 -1 10 12960 18317 9 4
164 4 18720 26630 6 21130 26630 8 -1
165 1 11520 16840 7 12193 24307 2 -1
166 11 0 3612 4 0 10488 8 -1
167 10 14400 23667 1 18650 28338 1 -1
168 8 5760 15033 7 9683 15033 19 -1
169 8 4320 8234 6 4320 14128 13 -1
170 -1 -1 -1 7 20160 32525 14 3
171 4 0 3074 10 0 7271 2 -1
172 1 15840 27145 4 22870 40029 4 -1
173 8 7200 12286 2 9687 24473 7 -1
174 0 17280 25235 2 21714 31079 6 -1
175 3 2880 10115 11 2880 14785 2 -1
176 12 18720 25250 3 18720 30549 9 -1
177 5 15840 21058 10 15840 27184 2 -1
178 -1 -1 -1 3 8640 13448 25 4
179 0 5760 15980 12 13144 18569 13 -1
180 6 17280 27164 2 23751 27164 17 -1
181 11 17280 22460 2 17280 23963 5 -1
182 11 7200 14622 7 8440 23037 14 -1
183 9 7200 15376 10 11287 23869 8 -1
184 -1 -1 -1 5 17280 27059 1 7
185 10 1440 10897 1 9688 12644 28 -1
186 1 5760 23683 10 18535 23683 7 -1
187 -1 -1 -1 7 15840 29225 3 9
188 -1 -1 -1 11 1440 19177 9 2
189 12 10080 13499 5 10080 18044 14 -1
190 1 14400 23720 7 20442 23720 26 -1
191 8 2880 5118 6 2880 12142 21 -1
192 2 7200 16417 1 14843 27050 4 -1
193 9 7200 15327 2 7200 19008 10 -1
194 11 12960 24025 8 22387 36211 2 -1
195 6 4320 6449 7 4717 14503 4 -1
196 -1 -1 -1 0 7200 11556 21 7
197 6 4320 13619 5 6934 20702 8 -1
198 -1 -1 -1 12 17280 27504 11 3
199 8 12960 20921 0 14720 22904 5 -1
#Distance_Matrix [row=from col=to] (given in meters)
0	64100	64700	59000	68800	198000	190300	53600	54000	70000	189700	174900	68200	64700	
64100	0	10900	6200	6800	135700	131800	14800	10400	5900	131300	116400	13500	10900	
64700	10900	0	5800	4100	135700	125600	15100	11000	6000	125000	110200	17300	0	
59000	6200	5800	0	9800	141400	131300	9300	5300	11700	130800	116000	11600	5800	
68800	6800	4100	9800	0	131600	125000	19100	15100	1900	124500	109600	20300	4100	
198000	135700	135700	141400	131600	0	233000	144400	146100	129800	232500	217700	149200	135700	
190300	131800	125600	131300	125000	233000	0	140600	136600	126700	2500	26200	142900	125600	
53600	14800	15100	9300	19100	144400	140600	0	4400	20700	140100	125300	16600	15100	
54000	10400	11000	5300	15100	146100	136600	4400	0	16300	136000	121200	15300	11000	
70000	5900	6000	11700	1900	129800	126700	20700	16300	0	126100	111300	19400	6000	
189700	131300	125000	130800	124500	232500	2500	140100	136000	126100	0	25600	142300	125000	
174900	116400	110200	116000	109600	217700	26200	125300	121200	111300	25600	0	127500	110200	
68200	13500	17300	11600	20300	149200	142900	16600	15300	19400	142300	127500	0	17300	
64700	10900	0	5800	4100	135700	125600	15100	11000	6000	125000	110200	17300	0	
