##Problem_info
speed(meters/minute): 333
coupling_time: 15
decoupling_time: 15
body_capacity: 100
max_bodies: 4
total_number_of_nodes: 14
total_number_of_vessels: 5
total_number_of_bodies: 10
total_number_of_requests: 200
unscheduled_cost_coefficient: 10000
service_time: 2
##Nodes [id is_swap_location]   (-2 is only swap location/transfer | 1 is customer that allow a body to be dropped)
0 1
1 1
2 1
3 1
4 1
5 1
6 1
7 1
8 1
9 1
10 1
11 1
12 1
13 -2
##Vessel [id start_location start_time]
0 2 54
1 0 95
2 7 20
3 13 158
4 12 8
##Bodies [id attached_to_vessel start_location]  (if -1 for attached_to_vessel: body starts detached)
0 3 13
1 -1 1
2 0 2
3 2 7
4 -1 6
5 3 13
6 1 0
7 -1 9
8 1 0
9 -1 12
##Requests [id pickup_location_id pickup_from pickup_to delivery_location_id delivery_from delivery_to num_containers at_body_id]
0 12 8640 22632 7 15796 25936 4 -1
1 -1 -1 -1 9 0 7206 6 9
2 -1 -1 -1 5 20160 34235 5 3
3 2 8640 21091 8 19651 21091 24 -1
4 -1 -1 -1 6 21600 30780 21 5
5 0 10080 20267 4 15570 27335 9 -1
6 2 20160 28001 -1 -1 -1 18 -1
7 6 1440 10996 0 4073 22482 18 -1
8 9 8640 14978 6 13538 14978 11 -1
9 5 0 7223 7 2591 7223 12 -1
10 -1 -1 -1 3 14400 26273 14 0
11 -1 -1 -1 1 5760 12711 10 3
12 8 0 4139 5 4512 15034 5 -1
13 3 0 9051 0 7009 9051 4 -1
14 4 0 1756 12 2540 14438 4 -1
15 -1 -1 -1 8 17280 24675 12 1
16 0 20160 21600 5 20160 29919 13 -1
17 12 4320 5760 6 4320 8685 5 -1
18 11 14400 25082 6 20277 31325 21 -1
19 12 21600 24594 11 26014 37859 4 -1
20 8 4320 6491 6 5173 19542 9 -1
21 2 17280 21373 5 17280 34585 3 -1
22 3 5760 13725 8 11679 22847 1 -1
23 -1 -1 -1 7 17280 24233 13 8
24 1 7200 11473 8 13243 21459 3 -1
25 6 20160 23004 0 20160 34631 8 -1
26 11 0 8695 2 10260 17850 14 -1
27 3 4320 10141 12 8447 16629 27 -1
28 -1 -1 -1 1 8640 16742 10 6
29 5 2880 7803 7 2880 18013 2 -1
30 8 0 7700 2 3131 11565 17 -1
31 4 7200 10710 3 9270 10710 16 -1
32 4 11520 26613 9 25310 39490 5 -1
33 6 2880 7529 11 2880 7656 10 -1
34 8 12960 25877 4 19601 26092 8 -1
35 10 4320 11456 7 5498 21473 9 -1
36 4 5760 12130 10 9980 23672 8 -1
37 0 4320 11906 5 5039 17171 15 -1
38 -1 -1 -1 3 12960 21770 20 1
39 2 12960 26707 4 23980 33448 18 -1
40 12 4320 6299 11 4320 13480 25 -1
41 8 12960 17698 9 12960 24986 6 -1
42 1 8640 11062 4 8640 19421 13 -1
43 10 11520 22755 4 18467 29025 20 -1
44 9 7200 10930 7 7200 14983 32 -1
45 8 7200 17935 6 16676 34367 12 -1
46 8 17280 20627 10 17280 22331 6 -1
47 -1 -1 -1 9 7200 18310 4 6
48 4 8640 12645 12 10076 17405 7 -1
49 -1 -1 -1 9 12960 21151 10 5
50 10 5760 17073 8 13689 17073 5 -1
51 9 17280 25577 4 25750 36715 19 -1
52 1 8640 22652 3 15997 22701 2 -1
53 9 24480 28392 -1 -1 -1 11 -1
54 -1 -1 -1 3 12960 19096 4 4
55 -1 -1 -1 11 4320 14967 9 5
56 -1 -1 -1 11 12960 21569 13 5
57 7 18720 24910 10 21009 24910 27 -1
58 7 11520 20428 3 18477 26768 13 -1
59 -1 -1 -1 3 2880 21893 33 2
60 -1 -1 -1 11 2880 19736 24 1
61 5 8640 16569 2 12480 27204 5 -1
62 4 2880 4320 0 2880 12187 26 -1
63 0 12960 20199 8 18920 30371 7 -1
64 10 27360 28800 -1 -1 -1 2 -1
65 10 12960 15930 7 12960 20056 11 -1
66 2 21600 26879 -1 -1 -1 9 -1
67 9 8640 15225 5 8640 24814 1 -1
68 6 10080 11520 3 10080 17177 2 -1
69 5 21600 24874 8 21600 35994 9 -1
70 7 18720 23305 11 20168 37242 6 -1
71 4 0 8713 3 7132 21416 2 -1
72 1 10080 12421 9 10080 18762 23 -1
73 9 15840 23513 8 19508 31217 3 -1
74 10 20160 24924 8 20859 27598 14 -1
75 5 0 7751 10 4116 21996 29 -1
76 4 7200 19542 10 11875 24980 6 -1
77 9 2880 12910 1 10175 23482 11 -1
78 8 11520 12960 2 11520 28498 2 -1
79 -1 -1 -1 2 2880 11063 1 0
80 4 11520 28201 -1 -1 -1 8 -1
81 -1 -1 -1 6 0 3378 9 0
82 7 25920 27360 6 25920 32476 17 -1
83 6 7200 19170 5 12320 24226 6 -1
84 10 7200 14283 9 7200 20591 25 -1
85 -1 -1 -1 11 2880 18823 5 0
86 7 1440 8459 6 1440 10386 19 -1
87 -1 -1 -1 11 4320 19992 8 8
88 5 24480 26676 9 24846 35428 7 -1
89 6 15840 20709 9 17966 29816 17 -1
90 0 20160 24071 5 20160 30066 7 -1
91 11 1440 11922 3 10366 19282 2 -1
92 -1 -1 -1 10 20160 30788 1 0
93 11 12960 24254 7 22838 27844 5 -1
94 8 15840 20358 4 16491 20358 2 -1
95 -1 -1 -1 1 17280 25280 4 1
96 8 7200 14208 7 8598 22327 7 -1
97 2 0 1440 1 0 6593 2 -1
98 8 17280 25363 11 21120 25363 1 -1
99 11 0 15934 2 12115 25250 14 -1
100 0 2880 5043 10 2880 15751 25 -1
101 10 12960 22884 9 16572 32487 5 -1
102 1 20160 26769 6 25156 37424 10 -1
103 9 14400 27668 -1 -1 -1 17 -1
104 5 21600 26887 10 21622 39711 4 -1
105 2 21600 27387 -1 -1 -1 20 -1
106 -1 -1 -1 1 11520 23951 6 5
107 -1 -1 -1 8 8640 19178 11 1
108 11 23040 27872 -1 -1 -1 24 -1
109 -1 -1 -1 8 14400 20480 2 1
110 4 7200 12237 5 7200 19175 7 -1
111 1 17280 19013 0 17280 23841 22 -1
112 2 23040 28275 -1 -1 -1 15 -1
113 1 4320 13325 7 9965 23562 10 -1
114 -1 -1 -1 11 8640 17721 6 9
115 11 2880 7979 2 2880 11053 17 -1
116 12 15840 18242 1 15840 20323 11 -1
117 -1 -1 -1 9 14400 15840 6 5
118 -1 -1 -1 0 0 7577 16 8
119 10 21600 28474 -1 -1 -1 7 -1
120 2 1440 10849 4 8091 12682 4 -1
121 -1 -1 -1 0 12960 24933 13 6
122 2 11520 22977 12 13900 29850 3 -1
123 10 2880 6474 8 2880 11905 3 -1
124 12 2880 5842 9 7781 21039 14 -1
125 8 12960 26597 11 18239 28391 12 -1
126 4 1440 7933 5 3157 17786 1 -1
127 7 17280 21895 3 17280 25662 19 -1
128 12 1440 11089 10 2327 13601 14 -1
129 1 15840 25862 8 21033 35968 3 -1
130 5 1440 4745 0 2878 13547 21 -1
131 10 18720 24677 2 22037 24677 12 -1
132 3 17280 20880 5 17280 23832 8 -1
133 11 7200 16835 5 17736 31023 5 -1
134 -1 -1 -1 5 14400 23907 1 4
135 -1 -1 -1 10 4320 19789 6 4
136 9 1440 4598 11 1440 13606 3 -1
137 -1 -1 -1 7 8640 17739 1 6
138 -1 -1 -1 6 18720 26867 4 6
139 5 14400 18486 0 14400 32111 27 -1
140 0 5760 16142 10 17359 32497 10 -1
141 8 7200 16045 2 9871 17585 3 -1
142 10 14400 22006 1 19555 22006 1 -1
143 7 23040 28611 -1 -1 -1 9 -1
144 12 7200 13730 3 9611 23141 9 -1
145 6 11520 20771 3 16146 28149 4 -1
146 10 12960 20045 3 13794 20045 5 -1
147 8 14400 25334 9 18939 28156 3 -1
148 1 1440 7312 9 1440 10081 12 -1
149 1 7200 13821 7 14128 21761 8 -1
150 0 10080 20990 12 16258 31820 22 -1
151 -1 -1 -1 12 0 20920 11 9
152 9 21600 28484 -1 -1 -1 10 -1
153 12 4320 10709 7 10770 13565 15 -1
154 2 18720 26744 5 22677 26744 1 -1
155 1 12960 14467 12 12960 25405 19 -1
156 9 14400 21528 12 16437 30101 18 -1
157 0 18720 28440 -1 -1 -1 16 -1
158 9 12960 19529 6 15632 24583 3 -1
159 5 1440 12436 7 6548 16188 21 -1
160 12 8640 19131 4 15576 24085 15 -1
161 2 21600 25445 8 22245 32036 2 -1
162 2 10080 17745 11 15528 26717 28 -1
163 6 1440 11756 2 8779 23389 13 -1
164 4 2880 5507 6 2880 16471 13 -1
165 5 1440 7503 0 1440 13302 35 -1
166 -1 -1 -1 12 25920 37154 26 6
167 0 14400 20279 3 14400 32703 32 -1
168 10 5760 18007 8 11254 18007 2 -1
169 -1 -1 -1 5 14400 30859 13 6
170 6 7200 11766 2 7200 16411 14 -1
171 4 21600 24141 12 21866 42866 9 -1
172 11 1440 11950 3 5430 11950 19 -1
173 9 20160 26408 7 20160 36795 13 -1
174 12 8640 10997 3 8640 23170 1 -1
175 10 15840 20276 5 21094 27275 8 -1
176 11 23040 26764 5 23040 31881 12 -1
177 -1 -1 -1 7 5760 12990 1 0
178 4 4320 10707 6 5681 15775 10 -1
179 11 8640 20211 7 16987 33244 9 -1
180 7 10080 13807 2 10436 21064 14 -1
181 -1 -1 -1 2 8640 19833 12 7
182 0 7200 15112 5 10533 31442 4 -1
183 -1 -1 -1 8 17280 23421 6 2
184 3 20160 25638 9 20160 36082 16 -1
185 3 10080 18458 11 12850 29405 9 -1
186 2 11520 20782 10 18277 27030 18 -1
187 7 4320 6858 5 4320 18525 5 -1
188 1 2880 6625 12 2880 8810 18 -1
189 12 14400 17759 6 14659 21857 1 -1
190 -1 -1 -1 5 10080 19329 3 6
191 -1 -1 -1 10 1440 5477 3 9
192 6 4320 11689 2 6430 13853 17 -1
193 9 17280 22183 6 17280 26640 13 -1
194 1 25920 27520 -1 -1 -1 1 -1
195 11 11520 24650 12 17596 30560 4 -1
196 12 7200 14414 2 10087 17929 10 -1
197 8 7200 14507 11 11402 25660 16 -1
198 11 23040 24699 0 23040 32999 4 -1
199 2 17280 26088 3 23019 29631 11 -1
#Distance_Matrix [row=from col=to] (given in meters)
0	64100	64700	59000	68800	198000	190300	53600	54000	70000	189700	174900	68200	64700	
64100	0	10900	6200	6800	135700	131800	14800	10400	5900	131300	116400	13500	10900	
64700	10900	0	5800	4100	135700	125600	15100	11000	6000	125000	110200	17300	0	
59000	6200	5800	0	9800	141400	131300	9300	5300	11700	130800	116000	11600	5800	
68800	6800	4100	9800	0	131600	125000	19100	15100	1900	124500	109600	20300	4100	
198000	135700	135700	141400	131600	0	233000	144400	146100	129800	232500	217700	149200	135700	
190300	131800	125600	131300	125000	233000	0	140600	136600	126700	2500	26200	142900	125600	
53600	14800	15100	9300	19100	144400	140600	0	4400	20700	140100	125300	16600	15100	
54000	10400	11000	5300	15100	146100	136600	4400	0	16300	136000	121200	15300	11000	
70000	5900	6000	11700	1900	129800	126700	20700	16300	0	126100	111300	19400	6000	
189700	131300	125000	130800	124500	232500	2500	140100	136000	126100	0	25600	142300	125000	
174900	116400	110200	116000	109600	217700	26200	125300	121200	111300	25600	0	127500	110200	
68200	13500	17300	11600	20300	149200	142900	16600	15300	19400	142300	127500	0	17300	
64700	10900	0	5800	4100	135700	125600	15100	11000	6000	125000	110200	17300	0	
