##Problem_info
speed(meters/minute): 333
coupling_time: 15
decoupling_time: 15
body_capacity: 100
max_bodies: 4
total_number_of_nodes: 14
total_number_of_vessels: 5
total_number_of_bodies: 10
total_number_of_requests: 250
unscheduled_cost_coefficient: 10000
service_time: 2
##Nodes [id is_swap_location]   (-2 is only swap location/transfer | 1 is customer that allow a body to be dropped)
0 1
1 1
2 1
3 1
4 1
5 1
6 1
7 1
8 1
9 1
10 1
11 1
12 1
13 -2
##Vessel [id start_location start_time]
0 11 148
1 9 6
2 8 7
3 7 90
4 6 198
##Bodies [id attached_to_vessel start_location]  (if -1 for attached_to_vessel: body starts detached)
0 -1 6
1 3 7
2 1 9
3 -1 2
4 0 11
5 1 9
6 -1 10
7 2 8
8 0 11
9 2 8
##Requests [id pickup_location_id pickup_from pickup_to delivery_location_id delivery_from delivery_to num_containers at_body_id]
0 -1 -1 -1 10 11520 18831 9 8
1 -1 -1 -1 2 5760 7200 7 5
2 8 2880 23059 10 16761 32323 19 -1
3 10 21600 24317 0 22426 29963 10 -1
4 10 11520 17569 5 11520 26017 8 -1
5 -1 -1 -1 12 2880 6393 4 7
6 4 25920 27485 -1 -1 -1 1 -1
7 3 18720 22552 6 18720 31517 16 -1
8 -1 -1 -1 8 8640 13191 1 7
9 0 23040 28646 -1 -1 -1 4 -1
10 -1 -1 -1 7 5760 20304 12 3
11 7 10080 14605 10 10080 16571 5 -1
12 4 8640 14867 9 13778 19845 19 -1
13 11 15840 25019 10 18226 27707 15 -1
14 0 12960 25320 8 13070 32978 20 -1
15 10 8640 15839 5 10608 20312 11 -1
16 2 8640 13128 6 9539 15780 17 -1
17 4 7200 11110 7 7200 24963 16 -1
18 2 23040 27558 -1 -1 -1 1 -1
19 3 0 1440 8 0 9140 7 -1
20 11 25920 27360 1 25920 37491 2 -1
21 11 18720 25273 2 18720 28121 17 -1
22 3 1440 9969 4 4313 14187 7 -1
23 11 21600 24243 1 21600 29987 20 -1
24 -1 -1 -1 10 25920 41712 12 4
25 8 0 4106 3 0 12208 20 -1
26 7 17280 25755 3 24317 34147 4 -1
27 -1 -1 -1 9 11520 26207 4 6
28 12 7200 17445 8 8807 17445 13 -1
29 7 8640 17734 6 12929 21761 7 -1
30 10 12960 28248 -1 -1 -1 1 -1
31 -1 -1 -1 8 11520 23300 1 9
32 8 5760 7369 1 5760 12796 19 -1
33 6 4320 14610 7 6607 19389 18 -1
34 12 21600 28350 -1 -1 -1 1 -1
35 -1 -1 -1 10 8640 11973 11 4
36 3 10080 16749 9 12587 17759 25 -1
37 6 15840 17892 2 15840 22603 3 -1
38 -1 -1 -1 8 7200 16194 24 2
39 3 11520 12960 12 12270 24797 1 -1
40 2 15840 25340 3 24234 36278 6 -1
41 12 1440 11738 9 5239 11738 7 -1
42 -1 -1 -1 1 7200 14551 31 9
43 11 0 20856 5 19465 22191 5 -1
44 -1 -1 -1 4 21600 30473 5 9
45 10 7200 18491 5 13115 23914 11 -1
46 4 17280 28774 -1 -1 -1 19 -1
47 8 17280 18720 11 17280 25073 8 -1
48 -1 -1 -1 0 18720 28662 19 5
49 7 10080 12846 8 10080 20174 10 -1
50 9 1440 5808 4 1440 10991 20 -1
51 -1 -1 -1 5 11520 22038 15 7
52 -1 -1 -1 3 17280 28670 29 3
53 -1 -1 -1 5 4320 9332 5 1
54 0 15840 17394 10 15840 29355 1 -1
55 12 11520 14468 5 18650 30438 11 -1
56 2 17280 26061 6 21127 26061 20 -1
57 -1 -1 -1 3 4320 18015 7 7
58 3 4320 6687 10 4320 8265 5 -1
59 -1 -1 -1 3 10080 20283 9 4
60 4 12960 14400 1 12960 21786 4 -1
61 0 8640 20300 7 12269 21876 15 -1
62 12 17280 24216 2 22070 24216 1 -1
63 -1 -1 -1 3 4320 18129 11 2
64 -1 -1 -1 5 5760 22183 1 8
65 6 24480 25920 12 24480 33623 19 -1
66 8 10080 11520 0 10080 16117 22 -1
67 8 0 1814 3 1768 13569 6 -1
68 6 14400 20383 4 14400 30220 18 -1
69 10 14400 21734 11 21537 23441 17 -1
70 7 2880 9336 8 4931 20109 17 -1
71 5 12960 22429 11 18710 28616 11 -1
72 -1 -1 -1 11 0 8798 10 6
73 8 14400 23837 0 20361 41361 5 -1
74 3 15840 24407 1 20896 36969 30 -1
75 -1 -1 -1 1 25920 36434 24 8
76 4 8640 15051 0 12828 25179 7 -1
77 3 4320 10647 5 9429 16089 7 -1
78 -1 -1 -1 10 12960 14431 29 7
79 8 21600 28025 -1 -1 -1 1 -1
80 8 10080 11705 0 10080 21744 10 -1
81 2 7200 15382 12 7200 22284 21 -1
82 12 11520 14562 0 11520 28232 8 -1
83 -1 -1 -1 3 15840 23954 1 9
84 6 25920 27360 7 25920 34666 4 -1
85 0 4320 6633 4 4320 8685 4 -1
86 4 17280 18720 0 17280 21692 11 -1
87 7 8640 14077 12 8640 22073 17 -1
88 10 0 10768 1 3887 14314 3 -1
89 1 10080 25796 0 19398 29039 11 -1
90 3 2880 17003 0 16660 28489 4 -1
91 -1 -1 -1 3 10080 19314 15 2
92 8 14400 27674 -1 -1 -1 19 -1
93 6 11520 16420 0 14980 16420 34 -1
94 -1 -1 -1 12 0 6754 18 0
95 6 8640 19201 12 15128 24208 11 -1
96 2 8640 22088 0 18523 33750 4 -1
97 4 4320 10102 0 7305 22004 3 -1
98 0 5760 10464 10 5760 15769 9 -1
99 9 21600 25677 6 22070 35109 1 -1
100 1 18720 23561 5 18720 24956 8 -1
101 7 15840 25997 0 19462 26900 10 -1
102 -1 -1 -1 10 21600 30775 32 0
103 6 7200 15114 2 9475 17599 30 -1
104 11 14400 26761 3 20158 34713 13 -1
105 8 10080 14045 6 10080 21216 14 -1
106 -1 -1 -1 6 21600 40018 7 1
107 1 2880 8573 11 5044 12651 1 -1
108 2 15840 27400 -1 -1 -1 22 -1
109 4 1440 7430 3 2351 15781 9 -1
110 9 11520 18053 5 14410 21623 1 -1
111 9 14400 21563 1 14591 29823 5 -1
112 3 18720 23734 11 20785 34852 11 -1
113 10 15840 21002 0 18059 21002 8 -1
114 3 7200 15870 5 9614 22363 1 -1
115 1 14400 21696 5 19346 22557 12 -1
116 9 4320 10280 10 4320 11835 19 -1
117 -1 -1 -1 11 5760 16648 13 1
118 8 7200 18257 4 8628 20032 13 -1
119 2 18720 23387 0 21002 42002 23 -1
120 -1 -1 -1 9 15840 31770 4 6
121 10 20160 25680 4 21580 32641 21 -1
122 6 1440 10005 12 2341 14968 20 -1
123 11 4320 13848 0 13813 26619 8 -1
124 -1 -1 -1 2 0 13903 11 3
125 6 8640 17649 8 14722 28428 2 -1
126 4 7200 17301 11 14694 19129 6 -1
127 -1 -1 -1 1 2880 11030 5 3
128 10 5760 8791 7 5760 17750 13 -1
129 12 11520 12960 8 11520 21009 14 -1
130 -1 -1 -1 4 20160 26212 11 2
131 10 1440 8213 0 6861 18897 5 -1
132 11 18720 23628 10 22188 23628 1 -1
133 9 8640 18507 7 14834 27005 3 -1
134 12 2880 11523 6 5328 16120 16 -1
135 9 14400 18589 5 14400 34791 3 -1
136 -1 -1 -1 7 17280 25175 13 7
137 11 17280 27232 2 20980 27287 10 -1
138 4 17280 27772 -1 -1 -1 3 -1
139 12 0 8613 4 2107 8613 25 -1
140 7 1440 6120 8 1440 10726 22 -1
141 -1 -1 -1 7 15840 17280 9 2
142 1 20160 28404 -1 -1 -1 3 -1
143 -1 -1 -1 11 8640 13254 6 6
144 7 10080 17435 9 12485 26504 9 -1
145 8 17280 22304 12 17702 23547 10 -1
146 10 11520 20034 3 19411 20924 5 -1
147 -1 -1 -1 0 7200 18646 1 5
148 7 21600 25699 0 21600 35818 9 -1
149 4 14400 23454 3 20523 28858 2 -1
150 -1 -1 -1 4 8640 19786 15 8
151 1 18720 26140 7 22681 29650 4 -1
152 1 12960 23750 0 20090 33450 28 -1
153 -1 -1 -1 10 8640 21167 1 1
154 -1 -1 -1 3 4320 14303 2 9
155 12 15840 23580 11 18390 23580 9 -1
156 12 8640 20005 0 14151 25266 5 -1
157 0 2880 14709 3 11946 14709 17 -1
158 3 12960 22890 12 15939 32238 2 -1
159 9 0 17322 6 9967 18081 8 -1
160 10 5760 19392 4 12648 24890 7 -1
161 0 10080 15046 12 10502 21364 1 -1
162 -1 -1 -1 3 14400 32044 24 5
163 8 12960 22002 11 14429 28426 10 -1
164 -1 -1 -1 3 21600 34001 39 6
165 12 20160 21824 0 20160 32423 5 -1
166 8 21600 23956 6 21600 40845 12 -1
167 2 12960 15438 8 12960 22045 1 -1
168 9 10080 20728 1 12695 24556 3 -1
169 3 1440 4691 7 1440 5755 36 -1
170 9 15840 23097 6 15840 34249 8 -1
171 2 11520 12960 1 11520 32122 1 -1
172 -1 -1 -1 2 12960 17370 12 2
173 -1 -1 -1 2 14400 23261 9 4
174 -1 -1 -1 7 7200 18773 19 0
175 3 15840 24725 8 19013 30804 24 -1
176 0 14400 18193 5 14400 24490 17 -1
177 9 14400 17331 7 14400 22142 25 -1
178 -1 -1 -1 3 7200 8640 26 3
179 11 4320 11870 12 8014 13596 13 -1
180 -1 -1 -1 12 15840 26735 1 2
181 -1 -1 -1 1 0 8814 11 9
182 4 5760 17440 1 12357 23365 1 -1
183 7 8640 21185 10 20908 38141 4 -1
184 -1 -1 -1 10 17280 26647 4 2
185 10 17280 26870 6 26262 31783 9 -1
186 10 10080 16889 7 14137 16889 9 -1
187 8 2880 19342 1 9858 26547 3 -1
188 -1 -1 -1 7 12960 24020 2 1
189 6 7200 17749 5 12633 17749 21 -1
190 11 1440 14019 0 7632 14019 15 -1
191 4 20160 22804 1 20160 27067 5 -1
192 3 24480 28119 -1 -1 -1 24 -1
193 9 15840 28091 -1 -1 -1 22 -1
194 6 10080 13787 11 10080 21866 19 -1
195 0 11520 15942 3 11520 30666 20 -1
196 6 4320 18122 9 9469 23280 19 -1
197 12 5760 14622 1 6962 14633 20 -1
198 2 0 1667 8 0 12286 2 -1
199 4 8640 25726 3 21273 32331 2 -1
200 -1 -1 -1 9 12960 23595 23 8
201 3 4320 13978 8 4320 19061 8 -1
202 3 10080 16458 11 10080 21416 25 -1
203 -1 -1 -1 0 2880 11942 14 4
204 10 23040 27121 6 23040 37615 16 -1
205 9 5760 7200 10 5760 18761 5 -1
206 6 8640 15700 7 13649 17344 15 -1
207 -1 -1 -1 6 10080 15471 8 1
208 -1 -1 -1 11 0 6235 8 5
209 11 7200 8640 10 7200 19089 10 -1
210 9 0 5685 4 1362 9214 1 -1
211 -1 -1 -1 9 10080 20006 2 6
212 -1 -1 -1 10 2880 10914 1 8
213 8 11520 20799 2 16261 26259 4 -1
214 -1 -1 -1 7 4320 7889 7 0
215 0 20160 26350 12 22152 29593 18 -1
216 2 2880 8459 9 5577 8459 8 -1
217 1 7200 13914 8 10168 13914 7 -1
218 3 15840 20149 11 15840 31786 2 -1
219 8 12960 20024 3 16113 21353 17 -1
220 9 10080 21228 6 18807 32262 1 -1
221 4 10080 13413 10 10197 16278 2 -1
222 12 21600 24779 10 21600 34709 1 -1
223 2 1440 2880 8 1440 9259 1 -1
224 -1 -1 -1 5 2880 13484 7 4
225 11 1440 3035 0 1440 6432 20 -1
226 1 21600 26699 6 21600 33026 6 -1
227 7 4320 8237 5 4320 15715 3 -1
228 1 0 11313 7 5805 21785 7 -1
229 5 7200 10895 3 7200 25090 19 -1
230 -1 -1 -1 8 14400 25281 21 7
231 -1 -1 -1 4 1440 12735 4 3
232 11 7200 14560 9 7200 17120 6 -1
233 5 17280 21985 8 17280 27565 5 -1
234 2 21600 26662 12 21734 28821 1 -1
235 3 15840 23051 5 15840 34058 6 -1
236 2 4320 15981 0 13414 20090 20 -1
237 -1 -1 -1 12 10080 31080 1 0
238 8 24480 28507 -1 -1 -1 19 -1
239 -1 -1 -1 6 5760 17950 9 5
240 -1 -1 -1 0 8640 18137 12 0
241 2 7200 10139 1 7200 13105 10 -1
242 6 1440 5610 2 1440 15193 14 -1
243 1 27360 28800 -1 -1 -1 8 -1
244 8 2880 5134 1 2880 8314 1 -1
245 8 1440 15899 12 11376 24449 5 -1
246 9 15840 19108 4 15840 26173 3 -1
247 2 8640 18856 8 14215 18856 3 -1
248 11 5760 7200 4 5760 13828 16 -1
249 10 7200 13391 2 11416 24917 6 -1
#Distance_Matrix [row=from col=to] (given in meters)
0	64100	64700	59000	68800	198000	190300	53600	54000	70000	189700	174900	68200	64700	
64100	0	10900	6200	6800	135700	131800	14800	10400	5900	131300	116400	13500	10900	
64700	10900	0	5800	4100	135700	125600	15100	11000	6000	125000	110200	17300	0	
59000	6200	5800	0	9800	141400	131300	9300	5300	11700	130800	116000	11600	5800	
68800	6800	4100	9800	0	131600	125000	19100	15100	1900	124500	109600	20300	4100	
198000	135700	135700	141400	131600	0	233000	144400	146100	129800	232500	217700	149200	135700	
190300	131800	125600	131300	125000	233000	0	140600	136600	126700	2500	26200	142900	125600	
53600	14800	15100	9300	19100	144400	140600	0	4400	20700	140100	125300	16600	15100	
54000	10400	11000	5300	15100	146100	136600	4400	0	16300	136000	121200	15300	11000	
70000	5900	6000	11700	1900	129800	126700	20700	16300	0	126100	111300	19400	6000	
189700	131300	125000	130800	124500	232500	2500	140100	136000	126100	0	25600	142300	125000	
174900	116400	110200	116000	109600	217700	26200	125300	121200	111300	25600	0	127500	110200	
68200	13500	17300	11600	20300	149200	142900	16600	15300	19400	142300	127500	0	17300	
64700	10900	0	5800	4100	135700	125600	15100	11000	6000	125000	110200	17300	0	
