##Problem_info
speed(meters/minute): 333
coupling_time: 15
decoupling_time: 15
body_capacity: 100
max_bodies: 4
total_number_of_nodes: 14
total_number_of_vessels: 5
total_number_of_bodies: 10
total_number_of_requests: 250
unscheduled_cost_coefficient: 10000
service_time: 2
##Nodes [id is_swap_location]   (-2 is only swap location/transfer | 1 is customer that allow a body to be dropped)
0 1
1 1
2 1
3 1
4 1
5 1
6 1
7 1
8 1
9 1
10 1
11 1
12 1
13 -2
##Vessel [id start_location start_time]
0 3 2
1 12 1
2 11 5
3 10 5
4 9 8
##Bodies [id attached_to_vessel start_location]  (if -1 for attached_to_vessel: body starts detached)
0 0 3
1 4 9
2 -1 12
3 -1 6
4 1 12
5 -1 0
6 4 9
7 3 10
8 3 10
9 2 11
##Requests [id pickup_location_id pickup_from pickup_to delivery_location_id delivery_from delivery_to num_containers at_body_id]
0 -1 -1 -1 12 2880 9260 1 7
1 8 12960 22498 1 20972 28709 26 -1
2 11 20160 21600 8 22799 32679 10 -1
3 5 5760 20037 4 17214 29001 26 -1
4 11 11520 22361 2 14912 29293 3 -1
5 -1 -1 -1 7 20160 31898 10 5
6 11 18720 28770 -1 -1 -1 7 -1
7 9 12960 14400 8 12960 22448 4 -1
8 -1 -1 -1 0 23040 33016 7 3
9 8 12960 17133 4 14041 25635 2 -1
10 5 17280 26513 3 23473 26513 18 -1
11 3 2880 8518 11 4049 9232 7 -1
12 5 18720 28615 -1 -1 -1 14 -1
13 7 11520 12960 1 12396 28901 7 -1
14 0 5760 12134 6 8738 12134 13 -1
15 3 0 5812 9 232 7661 1 -1
16 10 10080 18831 2 10956 21374 5 -1
17 2 4320 13060 0 7506 13060 4 -1
18 12 1440 15130 9 10939 20109 2 -1
19 5 21600 25840 9 21600 35957 3 -1
20 6 15840 25438 11 22022 28332 1 -1
21 -1 -1 -1 12 11520 17091 2 8
22 10 15840 25691 1 20217 32017 12 -1
23 3 11520 24992 11 23183 24992 22 -1
24 -1 -1 -1 5 17280 31005 7 6
25 -1 -1 -1 9 14400 23044 9 5
26 7 5760 9826 3 5760 19793 4 -1
27 4 11520 24904 1 19733 24904 2 -1
28 -1 -1 -1 1 8640 29437 3 3
29 10 5760 16056 6 15647 25840 2 -1
30 -1 -1 -1 12 1440 16295 11 2
31 3 15840 24936 1 17682 24936 5 -1
32 11 17280 18720 4 18413 29960 18 -1
33 1 20160 28761 -1 -1 -1 26 -1
34 2 12960 25498 11 21794 37407 1 -1
35 1 0 12401 4 7053 21863 3 -1
36 5 12960 18797 0 13719 24953 15 -1
37 -1 -1 -1 11 15840 25039 2 5
38 11 12960 14400 7 12960 19464 4 -1
39 -1 -1 -1 5 5760 16767 14 6
40 7 21600 25631 1 21600 33771 10 -1
41 7 12960 18810 10 14249 31990 13 -1
42 6 8640 18747 11 11311 18747 25 -1
43 3 5760 7200 2 5760 14134 14 -1
44 0 7200 12088 6 7200 20217 1 -1
45 2 20160 21600 8 20160 23193 12 -1
46 11 2880 4320 6 2880 10263 12 -1
47 3 10080 24214 0 18272 28999 10 -1
48 10 11520 13631 12 11520 20682 6 -1
49 4 8640 17572 8 8640 19803 21 -1
50 0 2880 9614 5 2880 13502 22 -1
51 4 7200 16196 9 12979 16196 1 -1
52 -1 -1 -1 9 5760 24360 2 6
53 -1 -1 -1 3 25920 33130 16 1
54 -1 -1 -1 1 18720 28334 30 0
55 -1 -1 -1 8 2880 11170 8 4
56 -1 -1 -1 11 14400 21245 2 7
57 10 7200 18116 5 12362 18116 5 -1
58 7 20160 25075 4 20160 34615 12 -1
59 -1 -1 -1 11 2880 4772 10 0
60 -1 -1 -1 5 12960 23113 6 3
61 10 5760 9672 2 5760 17713 11 -1
62 3 24480 26190 6 24480 35580 1 -1
63 11 17280 23102 8 19620 27318 2 -1
64 5 11520 21779 9 19856 34823 7 -1
65 1 0 6436 2 4516 15370 14 -1
66 3 15840 17280 7 15840 30513 17 -1
67 -1 -1 -1 7 8640 17961 15 4
68 3 0 5310 12 4468 13830 11 -1
69 4 0 6007 12 5407 22813 21 -1
70 4 12960 25150 0 19729 25278 1 -1
71 2 2880 8744 3 4901 19965 25 -1
72 1 23040 28324 -1 -1 -1 14 -1
73 6 7200 8640 9 8490 17058 29 -1
74 0 12960 14646 5 12960 29616 1 -1
75 2 4320 17034 1 13903 17034 15 -1
76 5 20160 21600 11 20160 30600 9 -1
77 4 20160 26127 6 23383 31396 5 -1
78 -1 -1 -1 8 12960 19642 4 4
79 8 17280 23769 10 22759 24557 12 -1
80 6 17280 25173 8 20292 33097 8 -1
81 7 23040 27537 -1 -1 -1 7 -1
82 2 21600 23040 5 21600 26287 1 -1
83 -1 -1 -1 6 10080 24824 1 3
84 -1 -1 -1 7 4320 17450 7 1
85 10 11520 13256 9 11520 20051 10 -1
86 1 4320 16505 8 9500 24228 2 -1
87 1 18720 23078 6 19273 24924 18 -1
88 -1 -1 -1 5 10080 22032 12 9
89 12 7200 15711 0 8908 16612 2 -1
90 12 14400 22502 10 14400 27005 6 -1
91 1 15840 20382 2 15840 29093 9 -1
92 0 11520 15376 3 11520 21623 22 -1
93 10 10080 18260 12 16820 18260 13 -1
94 9 14400 17709 11 15732 30855 21 -1
95 9 23040 26213 10 23040 27444 1 -1
96 0 1440 11989 9 8577 17819 16 -1
97 7 25920 27360 1 25920 41572 15 -1
98 3 12960 14924 8 12960 27045 14 -1
99 -1 -1 -1 2 0 13841 2 4
100 -1 -1 -1 11 1440 16046 1 9
101 -1 -1 -1 9 4320 17703 7 1
102 1 17280 24547 5 19499 26072 5 -1
103 4 0 9146 6 4283 12955 6 -1
104 1 7200 16454 11 12226 24309 16 -1
105 -1 -1 -1 3 25920 36932 1 2
106 8 2880 9825 7 6607 13513 4 -1
107 2 18720 27509 -1 -1 -1 12 -1
108 2 7200 9105 10 7200 13590 36 -1
109 0 7200 20101 3 15690 31007 11 -1
110 4 4320 13117 9 7486 17493 20 -1
111 0 5760 15478 1 12880 15757 19 -1
112 -1 -1 -1 6 1440 8754 24 4
113 -1 -1 -1 9 11520 22280 8 2
114 7 1440 5945 2 1440 12254 7 -1
115 3 0 10052 7 2256 10052 15 -1
116 -1 -1 -1 6 20160 28689 6 9
117 1 12960 25986 7 20484 34241 20 -1
118 7 5760 15402 8 6168 22766 44 -1
119 9 7200 17098 5 13801 20165 34 -1
120 7 25920 28516 -1 -1 -1 3 -1
121 7 20160 25033 1 21192 42192 10 -1
122 -1 -1 -1 7 10080 20300 24 2
123 3 10080 12212 2 10080 31080 23 -1
124 11 12960 19813 2 18373 19813 20 -1
125 11 7200 18702 4 14337 20900 10 -1
126 9 0 16452 2 8666 21397 4 -1
127 3 20160 24552 11 20533 24552 22 -1
128 -1 -1 -1 2 10080 23702 10 7
129 9 2880 10266 1 5929 14817 27 -1
130 12 18720 28593 -1 -1 -1 7 -1
131 9 1440 18799 11 8680 18799 13 -1
132 9 12960 26798 1 22373 27236 8 -1
133 2 8640 18658 6 15148 18658 16 -1
134 -1 -1 -1 10 12960 28394 5 3
135 1 11520 12960 2 11520 20090 18 -1
136 4 2880 8003 8 2880 13246 12 -1
137 11 1440 13717 1 13399 23955 7 -1
138 5 24480 27089 1 24480 29197 7 -1
139 10 5760 15853 2 11948 17019 7 -1
140 7 4320 5858 3 4418 5858 23 -1
141 7 4320 10623 5 7657 25821 22 -1
142 5 15840 24077 3 17787 24077 32 -1
143 12 0 12435 0 8459 21838 3 -1
144 7 12960 25678 9 19197 30944 6 -1
145 9 5760 9311 7 5760 10014 10 -1
146 -1 -1 -1 11 17280 32736 27 1
147 0 18720 24737 1 19137 29829 4 -1
148 10 1440 7423 1 2941 10090 6 -1
149 0 24480 28180 -1 -1 -1 24 -1
150 8 21600 23657 3 21600 38874 14 -1
151 5 11520 18084 4 11520 20358 16 -1
152 5 5760 16144 4 13419 25609 4 -1
153 6 12960 21305 0 16436 22073 16 -1
154 4 20160 25578 12 20654 35437 17 -1
155 2 23040 24766 12 23040 36086 7 -1
156 1 1440 4900 2 1440 18737 9 -1
157 1 5760 13416 9 8766 17132 5 -1
158 -1 -1 -1 8 20160 29905 4 3
159 11 20160 21600 1 20160 26839 13 -1
160 -1 -1 -1 2 7200 15523 3 2
161 -1 -1 -1 5 2880 15413 24 1
162 6 21600 26069 4 24629 26069 3 -1
163 6 1440 6913 8 1440 10560 2 -1
164 -1 -1 -1 1 0 4931 8 9
165 5 15840 22441 3 17174 23306 15 -1
166 7 10080 26444 0 22306 26444 13 -1
167 10 5760 9461 1 5760 14539 2 -1
168 2 12960 21764 8 13858 21764 28 -1
169 8 2880 7058 6 2880 12097 19 -1
170 12 1440 7935 2 6254 10000 2 -1
171 12 11520 17677 8 11520 22450 5 -1
172 4 4320 7684 7 4320 20521 14 -1
173 0 10080 18504 4 11184 19569 11 -1
174 1 11520 12960 10 11520 18791 7 -1
175 0 23040 26671 3 23040 33428 17 -1
176 1 4320 10805 6 5172 15857 18 -1
177 9 20160 25722 5 20160 32813 34 -1
178 -1 -1 -1 1 15840 26145 2 7
179 -1 -1 -1 3 18720 20845 30 7
180 3 24480 26294 10 24480 38307 11 -1
181 0 18720 25566 9 20769 26316 20 -1
182 3 20160 27339 12 23691 29891 8 -1
183 9 5760 18419 0 13628 18603 8 -1
184 -1 -1 -1 11 20160 30500 1 9
185 9 21600 26281 12 21600 33860 7 -1
186 3 5760 11013 6 5760 16625 5 -1
187 12 18720 28483 -1 -1 -1 18 -1
188 1 23040 27483 -1 -1 -1 29 -1
189 5 5760 7847 10 5760 18576 4 -1
190 -1 -1 -1 7 2880 13809 14 5
191 10 8640 25853 9 22711 40347 1 -1
192 3 1440 17818 0 14261 28100 5 -1
193 1 14400 27636 -1 -1 -1 17 -1
194 1 2880 7636 11 3572 15664 8 -1
195 -1 -1 -1 4 5760 16044 2 8
196 0 2880 4750 1 4757 16206 10 -1
197 12 18720 23208 4 22485 31707 1 -1
198 11 1440 17494 5 12673 18185 10 -1
199 0 2880 11448 6 2926 16957 7 -1
200 -1 -1 -1 2 8640 16464 11 9
201 -1 -1 -1 11 7200 12368 10 5
202 4 4320 19944 6 18258 19944 4 -1
203 10 14400 16996 8 14400 27256 5 -1
204 0 23040 24480 7 23040 31332 5 -1
205 5 5760 14804 8 12728 27507 6 -1
206 1 1440 11278 9 9118 23558 18 -1
207 5 11520 15149 2 14425 28026 4 -1
208 4 4320 15970 11 9897 24334 30 -1
209 2 12960 25620 9 23337 34881 1 -1
210 1 1440 5017 6 2027 15187 20 -1
211 7 7200 15396 5 8413 15396 3 -1
212 5 11520 21896 0 23838 36928 14 -1
213 -1 -1 -1 5 5760 16780 17 5
214 0 0 12763 5 5355 17972 1 -1
215 1 15840 17280 5 15840 33051 10 -1
216 1 2880 7174 2 3133 10584 4 -1
217 9 11520 12960 3 11520 18973 10 -1
218 -1 -1 -1 8 10080 22795 13 0
219 1 17280 23973 8 21168 24711 5 -1
220 9 4320 7506 8 5477 15353 10 -1
221 -1 -1 -1 2 1440 10247 8 1
222 1 7200 11486 0 8595 11486 19 -1
223 12 15840 18826 7 15840 25288 29 -1
224 3 5760 13652 6 9142 23066 40 -1
225 -1 -1 -1 0 1440 12108 6 9
226 2 14400 20907 4 14400 24086 10 -1
227 11 11520 17068 2 11520 22712 11 -1
228 2 14400 23828 1 19415 39536 2 -1
229 -1 -1 -1 4 15840 29655 5 2
230 5 7200 12436 4 7200 28200 12 -1
231 0 11520 22380 1 19289 35443 8 -1
232 8 20160 25881 1 23720 29021 26 -1
233 2 5760 17459 9 14656 26343 13 -1
234 10 11520 17846 0 12728 19638 5 -1
235 6 23040 25508 7 23040 29286 12 -1
236 8 10080 18238 7 13930 21094 1 -1
237 12 12960 23773 2 15130 28644 4 -1
238 2 20160 23710 9 20160 25518 16 -1
239 1 12960 18469 0 12960 27500 12 -1
240 11 1440 12301 7 5266 12301 3 -1
241 -1 -1 -1 0 8640 24551 1 7
242 2 0 1440 5 0 7638 9 -1
243 9 12960 19396 12 17389 33700 1 -1
244 -1 -1 -1 12 7200 16628 14 8
245 3 1440 4766 1 1440 11052 8 -1
246 -1 -1 -1 12 15840 36840 3 2
247 8 2880 6771 10 4794 23104 15 -1
248 6 8640 18734 8 15354 28898 14 -1
249 0 18720 26337 2 18720 27332 13 -1
#Distance_Matrix [row=from col=to] (given in meters)
0	64100	64700	59000	68800	198000	190300	53600	54000	70000	189700	174900	68200	64700	
64100	0	10900	6200	6800	135700	131800	14800	10400	5900	131300	116400	13500	10900	
64700	10900	0	5800	4100	135700	125600	15100	11000	6000	125000	110200	17300	0	
59000	6200	5800	0	9800	141400	131300	9300	5300	11700	130800	116000	11600	5800	
68800	6800	4100	9800	0	131600	125000	19100	15100	1900	124500	109600	20300	4100	
198000	135700	135700	141400	131600	0	233000	144400	146100	129800	232500	217700	149200	135700	
190300	131800	125600	131300	125000	233000	0	140600	136600	126700	2500	26200	142900	125600	
53600	14800	15100	9300	19100	144400	140600	0	4400	20700	140100	125300	16600	15100	
54000	10400	11000	5300	15100	146100	136600	4400	0	16300	136000	121200	15300	11000	
70000	5900	6000	11700	1900	129800	126700	20700	16300	0	126100	111300	19400	6000	
189700	131300	125000	130800	124500	232500	2500	140100	136000	126100	0	25600	142300	125000	
174900	116400	110200	116000	109600	217700	26200	125300	121200	111300	25600	0	127500	110200	
68200	13500	17300	11600	20300	149200	142900	16600	15300	19400	142300	127500	0	17300	
64700	10900	0	5800	4100	135700	125600	15100	11000	6000	125000	110200	17300	0	
