##Problem_info
speed(meters/minute): 333
coupling_time: 15
decoupling_time: 15
body_capacity: 100
max_bodies: 4
total_number_of_nodes: 14
total_number_of_vessels: 5
total_number_of_bodies: 10
total_number_of_requests: 300
unscheduled_cost_coefficient: 10000
service_time: 2
##Nodes [id is_swap_location]   (-2 is only swap location/transfer | 1 is customer that allow a body to be dropped)
0 1
1 1
2 1
3 1
4 1
5 1
6 1
7 1
8 1
9 1
10 1
11 1
12 1
13 -2
##Vessel [id start_location start_time]
0 9 109
1 7 19
2 6 167
3 5 110
4 4 17
##Bodies [id attached_to_vessel start_location]  (if -1 for attached_to_vessel: body starts detached)
0 -1 12
1 1 7
2 -1 2
3 -1 5
4 4 4
5 2 6
6 -1 9
7 -1 8
8 -1 1
9 4 4
##Requests [id pickup_location_id pickup_from pickup_to delivery_location_id delivery_from delivery_to num_containers at_body_id]
0 3 20160 26310 5 20160 28706 10 -1
1 -1 -1 -1 6 15840 21031 6 2
2 -1 -1 -1 5 4320 15727 3 8
3 -1 -1 -1 12 0 11202 16 1
4 6 14400 16729 2 14400 19492 5 -1
5 6 20160 27393 -1 -1 -1 10 -1
6 -1 -1 -1 2 4320 10551 17 1
7 5 23040 26664 3 23040 41412 9 -1
8 9 2880 9296 10 6649 9296 2 -1
9 10 25920 27435 -1 -1 -1 10 -1
10 1 11520 21884 9 20010 30597 1 -1
11 3 14400 24601 12 19669 31257 33 -1
12 10 12960 19912 0 21111 25787 22 -1
13 10 17280 24761 5 23254 24761 4 -1
14 12 0 2552 2 0 13144 7 -1
15 5 10080 18169 1 15055 21050 32 -1
16 2 10080 11520 0 10080 24106 18 -1
17 6 5760 15393 4 14735 21613 4 -1
18 6 1440 5526 10 1877 19610 14 -1
19 -1 -1 -1 1 21600 26575 5 4
20 6 8640 18773 10 11210 25893 3 -1
21 3 17280 22367 1 19113 22367 15 -1
22 9 14400 21747 12 14400 31756 4 -1
23 1 17280 22664 8 20629 27971 1 -1
24 9 10080 25900 11 18540 26587 2 -1
25 12 8640 16984 0 14255 24964 5 -1
26 0 20160 24804 1 21178 36752 18 -1
27 3 4320 8200 8 4320 14456 18 -1
28 8 14400 27067 1 18690 34609 29 -1
29 1 4320 6150 6 4320 16601 10 -1
30 0 4320 19634 2 18818 31108 10 -1
31 11 10080 11520 2 10080 20176 3 -1
32 -1 -1 -1 12 2880 16131 22 9
33 3 17280 18720 10 17280 18720 2 -1
34 -1 -1 -1 9 1440 15192 34 2
35 7 21600 23040 12 21600 26348 5 -1
36 10 10080 24883 5 18859 27205 7 -1
37 12 15840 19907 5 15840 23527 14 -1
38 5 17280 25384 10 23511 43950 7 -1
39 2 8640 22310 10 17476 22310 7 -1
40 4 18720 20953 6 18720 30706 6 -1
41 12 2880 15846 7 11949 15846 20 -1
42 9 1440 6239 2 1440 12912 6 -1
43 4 20160 28549 -1 -1 -1 7 -1
44 -1 -1 -1 2 20160 25268 2 4
45 2 8640 13632 10 9332 22837 17 -1
46 6 2880 14905 10 11924 19874 5 -1
47 -1 -1 -1 1 1440 5731 19 4
48 10 25920 27360 7 25920 37499 10 -1
49 3 0 12677 9 5052 12677 9 -1
50 1 21600 23040 3 21600 36126 15 -1
51 -1 -1 -1 12 18720 33354 17 0
52 10 21600 23040 1 21600 40026 12 -1
53 -1 -1 -1 1 14400 26228 11 8
54 9 7200 17097 12 11779 17097 10 -1
55 -1 -1 -1 5 8640 16132 6 5
56 8 21600 23040 2 21600 30767 18 -1
57 3 15840 18468 1 15840 24711 6 -1
58 7 4320 6395 2 4320 12726 9 -1
59 4 8640 22386 2 18075 26408 8 -1
60 9 15840 28340 -1 -1 -1 2 -1
61 -1 -1 -1 4 2880 12368 22 7
62 9 20160 21693 2 20160 24815 1 -1
63 11 2880 10219 9 7615 21267 13 -1
64 4 11520 13422 9 11520 19028 1 -1
65 11 21600 27509 -1 -1 -1 4 -1
66 -1 -1 -1 1 12960 25564 8 5
67 8 0 7193 5 3545 7322 9 -1
68 -1 -1 -1 12 17280 30044 12 3
69 11 15840 25736 2 21350 25736 8 -1
70 10 17280 22647 0 18246 33945 7 -1
71 12 2880 7713 8 3248 15414 5 -1
72 7 0 5155 8 304 14671 1 -1
73 -1 -1 -1 9 14400 25204 14 8
74 -1 -1 -1 7 27360 31818 15 5
75 3 7200 11758 11 7200 22093 7 -1
76 4 17280 21353 8 17280 31450 2 -1
77 -1 -1 -1 7 5760 10879 19 2
78 4 2880 11619 10 6475 16058 6 -1
79 3 11520 16599 9 13366 25452 12 -1
80 -1 -1 -1 10 4320 12785 11 9
81 3 21600 27881 -1 -1 -1 19 -1
82 1 14400 17597 5 19096 28301 5 -1
83 -1 -1 -1 7 11520 18548 2 1
84 1 21600 23213 2 21600 26441 3 -1
85 6 12960 23395 10 19901 28823 17 -1
86 3 15840 24578 0 23138 24578 5 -1
87 4 15840 21780 5 15840 24963 7 -1
88 10 2880 4320 8 2880 9488 10 -1
89 0 7200 16296 10 11518 16296 9 -1
90 6 1440 11827 10 8191 18551 5 -1
91 2 0 4435 6 191 5363 11 -1
92 -1 -1 -1 1 5760 13630 9 4
93 12 1440 6808 9 3886 6808 8 -1
94 4 11520 14192 1 11520 31329 8 -1
95 0 23040 28076 -1 -1 -1 7 -1
96 10 5760 7927 4 5760 14605 2 -1
97 12 12960 18764 10 12960 33960 12 -1
98 -1 -1 -1 12 7200 18250 9 3
99 1 21600 26565 0 21600 42298 12 -1
100 8 1440 12701 12 8896 23289 4 -1
101 5 21600 27386 -1 -1 -1 21 -1
102 8 14400 25561 10 22173 32397 7 -1
103 7 14400 24774 4 17608 27566 3 -1
104 12 23040 24480 4 23040 35913 1 -1
105 -1 -1 -1 12 21600 30584 1 7
106 1 12960 21723 6 20283 21723 10 -1
107 3 10080 20016 9 13221 23687 1 -1
108 -1 -1 -1 9 4320 18730 9 7
109 -1 -1 -1 2 5760 17588 23 7
110 -1 -1 -1 0 18720 32876 7 6
111 5 21600 24935 8 21600 38572 5 -1
112 -1 -1 -1 3 2880 16781 19 0
113 3 12960 22570 9 19402 31570 8 -1
114 3 5760 17879 1 9536 21209 10 -1
115 9 8640 12894 0 11454 12894 7 -1
116 4 21600 23040 2 21600 27282 26 -1
117 -1 -1 -1 5 14400 18092 5 7
118 8 8640 20695 2 15771 25461 18 -1
119 3 5760 12230 1 7017 14934 12 -1
120 0 24480 28728 -1 -1 -1 2 -1
121 2 14400 25993 10 18396 27137 6 -1
122 8 23040 28334 -1 -1 -1 1 -1
123 9 1440 14800 4 7291 21943 25 -1
124 9 10080 19035 10 12439 22677 13 -1
125 3 11520 15012 12 13173 24457 8 -1
126 6 5760 9605 0 5760 9922 15 -1
127 11 7200 17464 1 7350 18259 1 -1
128 1 17280 19676 10 17280 26113 26 -1
129 -1 -1 -1 12 14400 27520 6 9
130 4 8640 13204 9 8640 24222 16 -1
131 -1 -1 -1 3 10080 21067 2 3
132 3 12960 14820 8 12960 21119 16 -1
133 5 0 8846 12 4863 14438 18 -1
134 3 24480 25920 6 26080 35045 17 -1
135 7 20160 24841 9 20160 36025 5 -1
136 -1 -1 -1 3 12960 21034 32 6
137 9 23040 27370 -1 -1 -1 18 -1
138 -1 -1 -1 1 10080 20259 1 0
139 -1 -1 -1 7 17280 26223 10 1
140 8 2880 4320 4 2880 4320 2 -1
141 8 17280 25289 10 20544 30509 7 -1
142 -1 -1 -1 7 4320 11135 19 5
143 3 12960 18772 6 15710 19592 14 -1
144 12 0 10076 11 3602 21263 9 -1
145 4 15840 17280 10 15840 27443 1 -1
146 3 21600 27502 -1 -1 -1 3 -1
147 10 4320 7971 1 4320 18034 2 -1
148 11 11520 14812 8 11520 32520 1 -1
149 -1 -1 -1 4 2880 9169 14 4
150 1 5760 16244 0 13319 20788 5 -1
151 5 17280 24200 9 19399 28968 1 -1
152 0 12960 26372 6 21654 27911 20 -1
153 12 1440 4953 7 1440 12119 25 -1
154 3 23040 27409 -1 -1 -1 1 -1
155 8 1440 2880 11 1440 12731 21 -1
156 9 18720 25278 2 18771 25278 1 -1
157 0 11520 12960 7 11520 21242 11 -1
158 10 12960 19194 11 12960 25766 13 -1
159 9 12960 14400 3 12960 27685 31 -1
160 4 12960 23765 11 25891 35024 24 -1
161 -1 -1 -1 3 18720 24831 11 9
162 8 23040 24865 0 23040 26567 30 -1
163 9 5760 18272 4 13955 25684 11 -1
164 10 17280 27083 5 19583 28709 32 -1
165 7 15840 21427 2 16984 23279 8 -1
166 1 11520 20045 12 18171 20045 8 -1
167 -1 -1 -1 6 7200 20477 22 0
168 -1 -1 -1 12 7200 17307 2 8
169 -1 -1 -1 5 4320 13036 1 7
170 4 17280 27590 -1 -1 -1 14 -1
171 5 0 8076 3 8641 10081 17 -1
172 10 0 5360 0 0 12198 5 -1
173 6 21600 25919 7 22030 27848 11 -1
174 0 1440 4096 1 1440 9607 18 -1
175 -1 -1 -1 9 7200 16334 10 2
176 4 8640 18779 11 12804 21840 18 -1
177 -1 -1 -1 9 15840 21357 6 5
178 5 20160 25384 9 22420 37702 14 -1
179 8 7200 9604 12 7200 13778 11 -1
180 7 7200 15249 1 12989 33613 3 -1
181 9 21600 25297 -1 -1 -1 18 -1
182 4 8640 17577 11 16137 17577 2 -1
183 3 7200 8640 9 7200 18675 15 -1
184 9 2880 9770 6 6995 16116 1 -1
185 3 18720 23715 10 18720 33217 3 -1
186 4 17280 20533 10 17280 22836 13 -1
187 -1 -1 -1 6 1440 11391 12 6
188 5 4320 13250 8 4675 15341 1 -1
189 4 5760 19509 5 9717 20986 14 -1
190 7 1440 4297 12 2708 4297 6 -1
191 -1 -1 -1 5 0 9738 1 2
192 4 23040 24480 3 23167 43097 10 -1
193 -1 -1 -1 11 20160 34613 14 4
194 4 20160 24882 0 23156 36339 3 -1
195 3 5760 9849 1 5760 18233 18 -1
196 0 12960 19850 10 12960 24611 16 -1
197 7 1440 9558 1 5543 15495 17 -1
198 6 8640 13880 9 12399 30894 3 -1
199 -1 -1 -1 1 5760 12634 4 8
200 12 5760 13655 11 9500 19568 29 -1
201 9 18720 25137 5 20455 33035 5 -1
202 -1 -1 -1 7 12960 23561 1 0
203 3 7200 19448 12 13190 34190 5 -1
204 11 27360 28800 -1 -1 -1 27 -1
205 2 11520 16450 12 11689 18705 16 -1
206 11 1440 16644 4 10381 19837 10 -1
207 10 11520 25071 7 24882 41461 1 -1
208 -1 -1 -1 4 0 11932 21 8
209 -1 -1 -1 4 17280 22579 4 1
210 11 1440 8569 0 6289 13619 2 -1
211 3 12960 14400 9 12960 28515 25 -1
212 5 11520 13476 0 11520 25363 24 -1
213 -1 -1 -1 8 8640 22844 4 9
214 3 17280 23736 6 22027 29275 9 -1
215 2 12960 16402 9 12960 18359 22 -1
216 5 18720 27890 -1 -1 -1 10 -1
217 9 11520 19735 4 16370 29146 13 -1
218 12 2880 4884 8 2880 12838 10 -1
219 0 0 7043 5 2061 16082 20 -1
220 0 14400 23174 9 19650 33234 15 -1
221 6 18720 23307 3 18720 30893 14 -1
222 4 2880 16130 5 10603 16130 5 -1
223 5 23040 27629 -1 -1 -1 1 -1
224 -1 -1 -1 10 7200 12853 21 5
225 9 14400 15840 12 14400 21156 4 -1
226 -1 -1 -1 10 12960 16065 11 6
227 3 11520 24493 1 17619 25805 9 -1
228 -1 -1 -1 6 15840 24223 11 9
229 10 8640 10080 4 8640 17748 17 -1
230 12 11520 26167 11 20159 29461 10 -1
231 7 12960 17638 1 13630 24339 12 -1
232 -1 -1 -1 1 20160 31069 15 9
233 12 14400 22225 3 15702 26423 1 -1
234 4 7200 10966 5 7200 15471 3 -1
235 2 1440 13649 8 8909 13649 14 -1
236 -1 -1 -1 8 11520 31993 1 1
237 -1 -1 -1 8 8640 16029 3 2
238 8 10080 12510 0 16825 23799 6 -1
239 0 2880 10417 6 4487 10417 2 -1
240 -1 -1 -1 5 8640 16553 12 7
241 9 11520 24137 10 19755 24137 3 -1
242 0 1440 2880 6 1440 16292 11 -1
243 -1 -1 -1 0 5760 16243 1 6
244 2 17280 18720 5 17280 29005 7 -1
245 8 10080 13013 12 10080 20980 14 -1
246 -1 -1 -1 2 8640 12729 1 0
247 3 1440 5964 9 1440 6727 7 -1
248 10 18720 24241 12 24675 34961 6 -1
249 12 1440 4186 5 1440 16254 18 -1
250 1 15840 22757 9 16820 25883 7 -1
251 0 5760 13740 2 8931 20780 8 -1
252 -1 -1 -1 6 5760 16736 1 2
253 2 7200 16520 7 16163 27927 2 -1
254 1 8640 18826 0 9633 18826 1 -1
255 10 14400 25468 9 19285 40285 10 -1
256 11 8640 14162 1 11263 23065 7 -1
257 1 1440 15746 8 12036 25599 4 -1
258 11 1440 3007 8 1440 5572 14 -1
259 11 12960 18149 0 12960 25439 12 -1
260 10 18720 26525 11 20400 26525 16 -1
261 -1 -1 -1 11 14400 23914 2 4
262 5 5760 15333 1 15808 25801 4 -1
263 8 1440 14128 5 9769 25761 9 -1
264 6 17280 27062 0 17288 28540 16 -1
265 -1 -1 -1 2 8640 17927 9 7
266 1 10080 20030 11 14016 25780 10 -1
267 -1 -1 -1 4 14400 23872 16 4
268 -1 -1 -1 2 1440 16482 9 5
269 -1 -1 -1 10 0 8409 22 2
270 12 5760 20192 5 18752 20192 34 -1
271 1 5760 11616 5 9951 20567 11 -1
272 8 10080 12504 4 10080 13814 1 -1
273 -1 -1 -1 3 23040 37176 19 0
274 6 15840 19744 2 17959 35074 9 -1
275 11 8640 15756 0 9180 15756 6 -1
276 6 5760 16295 4 12678 23671 9 -1
277 7 14400 24029 6 18620 24029 12 -1
278 6 18720 21583 9 18720 28750 13 -1
279 10 0 3322 9 0 5955 1 -1
280 7 1440 4838 1 1440 13625 1 -1
281 11 4320 20728 5 15831 20728 5 -1
282 -1 -1 -1 3 21600 36734 18 9
283 4 1440 12543 6 6881 18660 9 -1
284 -1 -1 -1 11 11520 16291 15 4
285 7 1440 19611 0 14766 19611 6 -1
286 9 4320 10172 7 4538 16088 23 -1
287 8 1440 3415 0 1440 14706 19 -1
288 3 18720 27730 -1 -1 -1 14 -1
289 12 12960 21477 9 12960 22228 7 -1
290 -1 -1 -1 11 7200 17627 1 7
291 -1 -1 -1 8 5760 25797 10 1
292 1 7200 20838 5 16042 26515 12 -1
293 10 18720 22536 3 18720 25079 38 -1
294 9 15840 18755 5 16624 28171 2 -1
295 9 10080 13346 8 10897 23967 1 -1
296 0 1440 13260 3 11195 17639 8 -1
297 9 7200 8640 6 7200 21212 13 -1
298 12 7200 10232 3 7425 16616 37 -1
299 6 20160 24309 10 20160 30272 1 -1
#Distance_Matrix [row=from col=to] (given in meters)
0	64100	64700	59000	68800	198000	190300	53600	54000	70000	189700	174900	68200	64700	
64100	0	10900	6200	6800	135700	131800	14800	10400	5900	131300	116400	13500	10900	
64700	10900	0	5800	4100	135700	125600	15100	11000	6000	125000	110200	17300	0	
59000	6200	5800	0	9800	141400	131300	9300	5300	11700	130800	116000	11600	5800	
68800	6800	4100	9800	0	131600	125000	19100	15100	1900	124500	109600	20300	4100	
198000	135700	135700	141400	131600	0	233000	144400	146100	129800	232500	217700	149200	135700	
190300	131800	125600	131300	125000	233000	0	140600	136600	126700	2500	26200	142900	125600	
53600	14800	15100	9300	19100	144400	140600	0	4400	20700	140100	125300	16600	15100	
54000	10400	11000	5300	15100	146100	136600	4400	0	16300	136000	121200	15300	11000	
70000	5900	6000	11700	1900	129800	126700	20700	16300	0	126100	111300	19400	6000	
189700	131300	125000	130800	124500	232500	2500	140100	136000	126100	0	25600	142300	125000	
174900	116400	110200	116000	109600	217700	26200	125300	121200	111300	25600	0	127500	110200	
68200	13500	17300	11600	20300	149200	142900	16600	15300	19400	142300	127500	0	17300	
64700	10900	0	5800	4100	135700	125600	15100	11000	6000	125000	110200	17300	0	
