##Problem_info
speed(meters/minute): 333
coupling_time: 15
decoupling_time: 15
body_capacity: 100
max_bodies: 4
total_number_of_nodes: 14
total_number_of_vessels: 5
total_number_of_bodies: 10
total_number_of_requests: 300
unscheduled_cost_coefficient: 10000
service_time: 2
##Nodes [id is_swap_location]   (-2 is only swap location/transfer | 1 is customer that allow a body to be dropped)
0 1
1 1
2 1
3 1
4 1
5 1
6 1
7 1
8 1
9 1
10 1
11 1
12 1
13 -2
##Vessel [id start_location start_time]
0 8 2
1 6 141
2 5 98
3 4 21
4 3 164
##Bodies [id attached_to_vessel start_location]  (if -1 for attached_to_vessel: body starts detached)
0 2 5
1 -1 12
2 2 5
3 2 5
4 4 3
5 2 5
6 1 6
7 3 4
8 4 3
9 -1 8
##Requests [id pickup_location_id pickup_from pickup_to delivery_location_id delivery_from delivery_to num_containers at_body_id]
0 3 15840 19603 2 15840 21019 1 -1
1 9 0 18126 5 12798 25097 8 -1
2 -1 -1 -1 4 8640 18041 14 0
3 6 8640 12903 3 8640 19758 13 -1
4 1 17280 18720 8 17280 34199 10 -1
5 4 12960 20031 5 17618 28756 12 -1
6 -1 -1 -1 12 14400 21633 16 5
7 9 10080 19399 4 10554 22038 14 -1
8 5 14400 22591 3 15492 22591 9 -1
9 9 12960 23955 10 20013 26766 4 -1
10 -1 -1 -1 10 4320 9274 5 1
11 0 14400 26995 6 23647 33004 1 -1
12 10 24480 27368 -1 -1 -1 9 -1
13 -1 -1 -1 2 20160 29425 4 5
14 9 0 5467 1 962 18745 13 -1
15 12 4320 9790 3 7384 18212 13 -1
16 0 27360 28800 -1 -1 -1 12 -1
17 -1 -1 -1 1 0 2875 2 4
18 5 0 15452 4 13695 28303 4 -1
19 -1 -1 -1 5 10080 17580 4 3
20 10 0 6327 7 168 10510 18 -1
21 12 8640 14232 1 8640 17608 23 -1
22 11 4320 10252 12 6664 10252 16 -1
23 0 2880 6705 4 3594 6705 5 -1
24 -1 -1 -1 0 4320 11184 1 5
25 -1 -1 -1 1 20160 27109 15 1
26 3 0 9616 7 7841 20538 8 -1
27 11 4320 5800 10 4320 11614 11 -1
28 11 23040 27829 -1 -1 -1 12 -1
29 -1 -1 -1 7 0 12885 10 7
30 9 1440 4776 10 1440 9922 13 -1
31 7 0 2791 0 1070 11590 14 -1
32 0 18720 22768 10 18720 26677 5 -1
33 3 5760 7200 11 5760 13305 18 -1
34 9 10080 20546 6 13482 27960 7 -1
35 12 0 5329 7 4978 12414 10 -1
36 6 10080 19431 4 11042 23028 5 -1
37 5 24480 28474 -1 -1 -1 12 -1
38 -1 -1 -1 11 10080 22024 13 3
39 0 7200 12325 12 7906 19342 29 -1
40 -1 -1 -1 10 23040 35990 20 4
41 2 12960 22773 9 14624 27804 6 -1
42 11 5760 8963 5 5760 15446 6 -1
43 1 7200 16681 3 16029 24111 19 -1
44 1 5760 21560 5 16960 26818 6 -1
45 3 1440 16297 0 13630 16297 12 -1
46 8 1440 13330 3 7462 22539 3 -1
47 4 5760 15813 7 11664 15813 6 -1
48 1 1440 2880 5 1440 2880 16 -1
49 8 15840 26425 12 23616 38979 2 -1
50 12 2880 9932 2 5559 12971 21 -1
51 2 5760 7200 10 5760 17767 1 -1
52 6 14400 22685 5 15500 23612 15 -1
53 4 11520 25289 2 20144 30914 15 -1
54 0 1440 17673 8 11956 17673 6 -1
55 0 20160 27396 -1 -1 -1 1 -1
56 -1 -1 -1 12 0 7583 13 2
57 9 11520 22284 7 22175 35263 29 -1
58 8 10080 25624 1 19284 32472 10 -1
59 -1 -1 -1 11 17280 23913 8 1
60 5 10080 13279 9 10080 22557 1 -1
61 7 10080 16615 9 10080 21813 22 -1
62 0 11520 23998 10 18894 23998 6 -1
63 9 2880 12169 3 7494 12169 13 -1
64 7 1440 3055 5 1440 10710 13 -1
65 4 8640 14125 7 8640 16856 7 -1
66 -1 -1 -1 1 7200 15958 16 9
67 9 0 9573 12 1369 9573 16 -1
68 0 12960 27500 -1 -1 -1 6 -1
69 8 11520 22930 0 17831 24798 1 -1
70 6 17280 18720 5 17280 25510 5 -1
71 0 5760 17725 8 15976 26787 16 -1
72 -1 -1 -1 6 0 13976 5 7
73 11 15840 26682 0 17606 29344 31 -1
74 10 2880 12143 7 7299 21562 18 -1
75 1 12960 15369 0 14876 28246 12 -1
76 -1 -1 -1 4 14400 23018 12 3
77 6 18720 26589 8 22569 26746 9 -1
78 12 5760 13175 8 9337 17640 7 -1
79 8 7200 9540 4 7200 22582 1 -1
80 -1 -1 -1 11 12960 25804 7 9
81 0 17280 26866 7 25834 37651 16 -1
82 6 21600 24895 12 21600 26097 16 -1
83 4 1440 7813 9 6539 22090 11 -1
84 -1 -1 -1 6 17280 31260 5 9
85 1 5760 8595 0 6015 18580 5 -1
86 3 4320 11115 9 9406 11115 14 -1
87 -1 -1 -1 11 12960 22182 7 5
88 -1 -1 -1 9 18720 26064 20 2
89 -1 -1 -1 1 14400 26972 5 4
90 11 27360 28800 -1 -1 -1 13 -1
91 9 18720 27379 -1 -1 -1 25 -1
92 11 15840 18277 9 15840 20989 1 -1
93 8 5760 13652 11 5760 13816 3 -1
94 10 0 11991 8 9304 11991 6 -1
95 6 10080 23946 2 21991 33820 25 -1
96 1 24480 28136 -1 -1 -1 9 -1
97 0 4320 9281 11 7192 23940 6 -1
98 -1 -1 -1 4 10080 19735 9 0
99 -1 -1 -1 2 15840 20768 11 3
100 -1 -1 -1 10 20160 32150 23 2
101 -1 -1 -1 8 11520 15021 8 6
102 11 12960 16369 9 14913 18350 6 -1
103 7 14400 17911 8 14757 26275 8 -1
104 10 5760 12236 1 9006 19473 6 -1
105 12 0 8235 9 1659 13948 18 -1
106 10 18720 20160 2 18720 27390 12 -1
107 12 23040 25141 9 23040 43816 1 -1
108 3 20160 27663 -1 -1 -1 36 -1
109 0 8640 16655 8 10122 22381 23 -1
110 -1 -1 -1 12 14400 18274 4 7
111 -1 -1 -1 4 10080 15502 6 0
112 -1 -1 -1 6 20160 31754 23 5
113 2 21600 24178 8 21600 31082 6 -1
114 6 7200 19142 10 10519 28105 11 -1
115 -1 -1 -1 0 23040 25579 12 9
116 4 12960 14400 8 12960 21530 10 -1
117 2 7200 9896 4 7200 21154 5 -1
118 10 10080 19991 1 17829 20846 2 -1
119 12 0 9332 1 7091 23605 10 -1
120 -1 -1 -1 3 1440 18065 7 4
121 8 1440 10084 10 10048 22412 20 -1
122 12 23040 26880 5 24893 26880 24 -1
123 8 4320 8781 12 5971 20157 1 -1
124 -1 -1 -1 9 1440 3858 9 9
125 6 1440 20392 12 15538 23341 1 -1
126 12 12960 23920 3 21704 23920 15 -1
127 4 7200 17155 6 12436 17155 16 -1
128 7 2880 9239 0 6601 18753 19 -1
129 -1 -1 -1 0 1440 10026 6 0
130 3 7200 15278 6 8724 20382 22 -1
131 10 1440 5770 3 8094 12687 8 -1
132 10 5760 17765 4 11719 31275 17 -1
133 10 17280 24471 11 21773 24471 12 -1
134 -1 -1 -1 6 12960 29665 20 4
135 8 20160 26083 4 20160 29790 10 -1
136 11 0 5740 9 3196 6910 10 -1
137 4 24480 26749 0 25309 26749 21 -1
138 4 4320 12215 5 4320 23423 9 -1
139 4 5760 19112 6 15158 32326 2 -1
140 0 2880 8414 1 7882 17690 17 -1
141 10 11520 19825 2 15103 19825 2 -1
142 -1 -1 -1 8 21600 31336 10 0
143 -1 -1 -1 12 10080 17501 3 4
144 12 10080 18404 0 12735 21799 3 -1
145 11 21600 26829 12 21600 34755 18 -1
146 10 8640 18527 12 11102 22996 7 -1
147 -1 -1 -1 2 11520 31414 8 7
148 -1 -1 -1 9 11520 24291 14 4
149 -1 -1 -1 11 4320 15458 17 8
150 12 12960 23373 5 20998 38008 16 -1
151 -1 -1 -1 0 8640 16832 2 8
152 3 10080 18466 1 11450 32304 8 -1
153 6 12960 20490 8 20908 37620 2 -1
154 -1 -1 -1 0 21600 27537 17 2
155 5 2880 12468 3 7742 19245 11 -1
156 -1 -1 -1 5 24480 39025 6 5
157 9 18720 20160 8 18720 30385 14 -1
158 1 2880 14211 8 9610 24808 14 -1
159 11 5760 7200 4 5760 12863 22 -1
160 4 8640 15040 8 14410 27618 9 -1
161 11 23040 28177 -1 -1 -1 10 -1
162 1 12960 14400 3 12960 20310 22 -1
163 -1 -1 -1 4 24480 40998 11 5
164 3 4320 10294 7 4815 24977 25 -1
165 2 12960 20483 0 12960 26226 2 -1
166 -1 -1 -1 9 1440 9014 6 5
167 9 2880 4580 0 3481 13244 10 -1
168 10 1440 2880 0 1440 16234 1 -1
169 3 0 6693 5 3836 11497 10 -1
170 0 20160 28392 -1 -1 -1 21 -1
171 11 2880 11405 1 5711 18946 19 -1
172 12 21600 26324 7 21600 27937 1 -1
173 0 8640 17523 10 11950 24395 24 -1
174 5 23040 24480 1 23040 26212 4 -1
175 5 24480 25920 12 27421 40559 6 -1
176 10 5760 15561 11 12232 21280 9 -1
177 7 7200 15130 4 12115 19814 6 -1
178 0 15840 20911 9 15840 25270 14 -1
179 4 0 7700 6 410 7976 11 -1
180 -1 -1 -1 5 21600 31279 11 4
181 -1 -1 -1 6 1440 11136 14 3
182 0 2880 9019 6 5794 22354 29 -1
183 -1 -1 -1 6 14400 19870 11 0
184 4 15840 23750 8 20850 27160 1 -1
185 -1 -1 -1 8 11520 23594 13 1
186 3 20160 27356 5 21243 32330 10 -1
187 -1 -1 -1 6 7200 18388 6 8
188 7 21600 23040 6 21600 33373 3 -1
189 1 14400 27245 10 23517 32438 19 -1
190 7 2880 9324 1 5222 13236 8 -1
191 1 2880 22654 9 18478 26987 13 -1
192 0 23040 26314 6 23040 31533 21 -1
193 5 11520 19912 0 16416 23111 16 -1
194 3 0 6912 4 2719 6912 7 -1
195 -1 -1 -1 11 15840 29647 11 5
196 1 2880 8084 7 2893 8578 1 -1
197 -1 -1 -1 5 17280 23252 16 2
198 12 18720 27443 -1 -1 -1 6 -1
199 -1 -1 -1 0 18720 31532 12 7
200 10 2880 14270 5 10622 26504 1 -1
201 1 2880 15610 11 13540 20286 18 -1
202 -1 -1 -1 7 7200 17042 11 8
203 -1 -1 -1 4 7200 8901 14 9
204 8 18720 21774 1 19347 21774 17 -1
205 1 2880 7238 8 2880 17772 3 -1
206 3 23040 25471 4 23040 27121 2 -1
207 11 0 5038 5 0 12556 4 -1
208 5 11520 20084 3 15351 20522 10 -1
209 10 7200 21216 1 16765 21705 25 -1
210 3 17280 21086 10 17280 29397 5 -1
211 0 15840 20552 3 15840 22877 2 -1
212 9 15840 21002 2 17950 29099 7 -1
213 5 12960 21260 12 18423 28673 18 -1
214 2 8640 10080 7 8640 13929 15 -1
215 3 12960 27025 11 19557 33483 2 -1
216 8 0 10343 12 9569 17496 1 -1
217 10 0 11158 1 3270 11158 4 -1
218 -1 -1 -1 8 0 16690 9 3
219 4 7200 8640 0 7200 21467 6 -1
220 7 21600 25907 6 21600 30100 13 -1
221 7 18720 26482 5 18720 28888 9 -1
222 4 15840 26882 10 25298 26882 12 -1
223 4 18720 27708 -1 -1 -1 4 -1
224 10 15840 25468 12 21184 25468 16 -1
225 12 8640 20846 11 16377 29563 7 -1
226 -1 -1 -1 2 2880 17559 27 7
227 12 20160 27739 -1 -1 -1 11 -1
228 -1 -1 -1 11 17280 25106 15 1
229 -1 -1 -1 1 8640 20143 6 0
230 2 2880 7979 3 2880 13720 14 -1
231 9 8640 14805 4 11045 18020 12 -1
232 -1 -1 -1 8 7200 16259 11 5
233 7 8640 10080 5 8640 15504 12 -1
234 9 0 9185 12 1460 10109 8 -1
235 -1 -1 -1 1 0 13532 3 5
236 1 11520 22446 7 17771 32323 6 -1
237 3 10080 22047 10 20607 22047 20 -1
238 2 7200 10084 10 7200 15578 7 -1
239 11 17280 26775 6 17524 27036 21 -1
240 9 8640 13907 8 8640 18441 13 -1
241 -1 -1 -1 7 4320 12440 5 6
242 -1 -1 -1 8 8640 14942 12 0
243 0 1440 5553 6 1440 16745 15 -1
244 -1 -1 -1 5 15840 29226 6 1
245 4 8640 10080 11 8640 15837 7 -1
246 5 2880 15232 7 15375 22746 13 -1
247 -1 -1 -1 8 21600 34892 23 8
248 10 18720 20160 1 18729 33586 18 -1
249 5 15840 27534 -1 -1 -1 8 -1
250 1 10080 16107 2 10838 16107 2 -1
251 1 15840 23148 10 20379 23671 14 -1
252 4 1440 11942 12 9085 22332 8 -1
253 7 5760 15810 8 8553 18245 9 -1
254 0 20160 23040 5 20160 35935 7 -1
255 11 14400 22617 5 20066 30269 5 -1
256 2 5760 10726 6 5760 14569 2 -1
257 12 10080 16281 1 10080 23546 20 -1
258 -1 -1 -1 4 15840 21301 14 3
259 9 10080 20561 8 13620 25363 11 -1
260 1 7200 12575 4 11039 24937 12 -1
261 8 18720 26836 5 20093 40366 14 -1
262 11 7200 13422 7 7277 15575 4 -1
263 9 7200 22497 2 22648 31326 8 -1
264 -1 -1 -1 3 18720 24795 31 8
265 -1 -1 -1 12 15840 28536 7 1
266 -1 -1 -1 9 4320 9192 5 7
267 2 14400 21689 11 18157 28546 26 -1
268 6 1440 6121 2 2568 6121 4 -1
269 -1 -1 -1 9 1440 20177 12 6
270 -1 -1 -1 0 15840 20211 7 9
271 -1 -1 -1 2 11520 30358 19 0
272 0 24480 27447 -1 -1 -1 4 -1
273 2 12960 26557 10 22443 30050 18 -1
274 -1 -1 -1 2 15840 29699 6 8
275 1 4320 16852 6 15901 24613 5 -1
276 0 4320 16826 3 9412 19175 22 -1
277 2 1440 12928 8 9764 20749 24 -1
278 -1 -1 -1 6 11520 30628 11 7
279 9 4320 8990 11 4320 11366 22 -1
280 3 1440 8495 5 1440 17414 6 -1
281 3 5760 21866 9 13410 28254 1 -1
282 11 4320 14581 6 4396 15345 15 -1
283 3 0 9420 4 7980 9420 13 -1
284 6 10080 14449 1 11872 19741 15 -1
285 12 4320 13020 6 9942 18358 3 -1
286 10 4320 6108 0 4320 17243 15 -1
287 -1 -1 -1 7 15840 18339 11 9
288 12 15840 25398 2 22130 31933 1 -1
289 2 2880 16999 9 15505 36505 23 -1
290 9 12960 25718 1 20529 28400 25 -1
291 1 21600 27029 3 23975 41212 6 -1
292 9 5760 16582 12 10927 21320 14 -1
293 4 1440 2880 3 1440 16061 5 -1
294 12 7200 20503 4 11303 25794 12 -1
295 6 23040 25285 9 23040 30761 7 -1
296 -1 -1 -1 5 17280 28822 17 3
297 2 10080 11520 7 10080 20430 17 -1
298 -1 -1 -1 12 0 9653 9 1
299 -1 -1 -1 9 0 10874 10 9
#Distance_Matrix [row=from col=to] (given in meters)
0	64100	64700	59000	68800	198000	190300	53600	54000	70000	189700	174900	68200	64700	
64100	0	10900	6200	6800	135700	131800	14800	10400	5900	131300	116400	13500	10900	
64700	10900	0	5800	4100	135700	125600	15100	11000	6000	125000	110200	17300	0	
59000	6200	5800	0	9800	141400	131300	9300	5300	11700	130800	116000	11600	5800	
68800	6800	4100	9800	0	131600	125000	19100	15100	1900	124500	109600	20300	4100	
198000	135700	135700	141400	131600	0	233000	144400	146100	129800	232500	217700	149200	135700	
190300	131800	125600	131300	125000	233000	0	140600	136600	126700	2500	26200	142900	125600	
53600	14800	15100	9300	19100	144400	140600	0	4400	20700	140100	125300	16600	15100	
54000	10400	11000	5300	15100	146100	136600	4400	0	16300	136000	121200	15300	11000	
70000	5900	6000	11700	1900	129800	126700	20700	16300	0	126100	111300	19400	6000	
189700	131300	125000	130800	124500	232500	2500	140100	136000	126100	0	25600	142300	125000	
174900	116400	110200	116000	109600	217700	26200	125300	121200	111300	25600	0	127500	110200	
68200	13500	17300	11600	20300	149200	142900	16600	15300	19400	142300	127500	0	17300	
64700	10900	0	5800	4100	135700	125600	15100	11000	6000	125000	110200	17300	0	
