##Problem_info
speed(meters/minute): 333
coupling_time: 15
decoupling_time: 15
body_capacity: 100
max_bodies: 4
total_number_of_nodes: 14
total_number_of_vessels: 5
total_number_of_bodies: 10
total_number_of_requests: 300
unscheduled_cost_coefficient: 10000
service_time: 2
##Nodes [id is_swap_location]   (-2 is only swap location/transfer | 1 is customer that allow a body to be dropped)
0 1
1 1
2 1
3 1
4 1
5 1
6 1
7 1
8 1
9 1
10 1
11 1
12 1
13 -2
##Vessel [id start_location start_time]
0 13 0
1 11 15
2 9 145
3 8 5
4 7 76
##Bodies [id attached_to_vessel start_location]  (if -1 for attached_to_vessel: body starts detached)
0 0 13
1 -1 9
2 3 8
3 1 11
4 0 13
5 0 13
6 2 9
7 3 8
8 2 9
9 0 13
##Requests [id pickup_location_id pickup_from pickup_to delivery_location_id delivery_from delivery_to num_containers at_body_id]
0 -1 -1 -1 2 11520 24896 16 9
1 -1 -1 -1 3 20160 30778 2 6
2 4 5760 13582 10 11575 13582 7 -1
3 12 15840 22518 6 15840 26327 1 -1
4 4 5760 17846 7 7722 19246 8 -1
5 3 17280 18720 8 17280 24606 19 -1
6 10 5760 12384 6 9384 20261 11 -1
7 8 10080 15638 0 10931 22106 17 -1
8 5 15840 18508 2 15840 30367 8 -1
9 -1 -1 -1 6 17280 25922 3 6
10 7 7200 13667 11 12227 13667 20 -1
11 12 5760 10770 0 7404 10770 9 -1
12 6 18720 25109 12 18720 29302 9 -1
13 5 15840 26706 11 23320 26706 18 -1
14 5 4320 21328 9 18859 21328 29 -1
15 -1 -1 -1 11 2880 16277 21 8
16 2 11520 18275 4 15536 21516 16 -1
17 3 4320 11559 9 6513 11559 26 -1
18 3 8640 17900 11 15846 23231 1 -1
19 5 11520 18020 10 16580 18020 5 -1
20 11 17280 20230 6 18320 32868 5 -1
21 6 20160 22889 7 20160 27013 25 -1
22 7 10080 18001 1 10080 20212 1 -1
23 4 23040 24480 3 23040 35518 15 -1
24 -1 -1 -1 4 7200 14466 2 8
25 3 11520 26016 0 19991 29508 11 -1
26 8 7200 10933 3 7341 12644 6 -1
27 -1 -1 -1 10 23040 30577 8 8
28 -1 -1 -1 1 0 5781 3 3
29 -1 -1 -1 4 5760 15740 1 9
30 12 0 15828 1 15356 25974 2 -1
31 -1 -1 -1 7 7200 22379 16 1
32 8 1440 10698 3 4364 10698 1 -1
33 1 2880 19058 5 16452 25886 8 -1
34 2 12960 15854 6 12960 22682 18 -1
35 12 4320 5902 11 4320 14022 26 -1
36 0 1440 2880 10 1440 9768 22 -1
37 -1 -1 -1 5 14400 23292 1 9
38 6 0 4998 7 89 7050 37 -1
39 -1 -1 -1 10 5760 19326 11 3
40 6 5760 9324 7 6004 20132 12 -1
41 -1 -1 -1 0 7200 12737 13 4
42 5 12960 17605 12 16165 17605 14 -1
43 3 1440 11843 5 8646 11843 20 -1
44 10 5760 7200 2 8322 25188 3 -1
45 9 4320 12304 1 4999 12304 2 -1
46 8 7200 14315 7 11427 14315 17 -1
47 0 7200 16621 12 12822 25408 4 -1
48 9 10080 18786 0 16397 19731 13 -1
49 4 20160 21600 3 20160 21689 6 -1
50 2 4320 12797 7 4839 14283 1 -1
51 8 1440 10300 2 6742 22131 14 -1
52 4 5760 18839 0 14173 24581 22 -1
53 1 17280 19798 7 17280 27013 1 -1
54 -1 -1 -1 4 5760 17364 13 2
55 -1 -1 -1 1 4320 15311 19 5
56 -1 -1 -1 2 14400 15840 12 0
57 10 10080 25586 8 18287 31155 1 -1
58 -1 -1 -1 7 18720 27581 16 6
59 7 11520 20363 10 13477 20363 12 -1
60 1 5760 12469 2 5760 16047 13 -1
61 7 15840 24600 11 18338 29234 12 -1
62 8 11520 24320 4 20544 24599 15 -1
63 11 15840 23359 0 16792 30604 1 -1
64 0 11520 24602 6 15748 30914 25 -1
65 4 4320 11291 5 4320 12400 15 -1
66 2 5760 17344 4 10480 19322 13 -1
67 7 12960 27452 -1 -1 -1 5 -1
68 6 5760 15322 12 14914 26466 2 -1
69 10 15840 22912 11 20039 27112 3 -1
70 7 12960 23611 1 12960 24844 3 -1
71 11 10080 12657 9 10080 22918 4 -1
72 10 8640 15474 3 10037 21226 1 -1
73 11 8640 10080 1 8640 23358 1 -1
74 -1 -1 -1 9 4320 15832 9 6
75 3 2880 17796 4 9611 18586 7 -1
76 10 24480 27255 4 24480 33055 1 -1
77 3 2880 5771 7 3093 5771 15 -1
78 12 7200 13562 0 9781 19634 18 -1
79 2 15840 25602 5 27398 31219 14 -1
80 10 5760 12831 8 7595 13019 6 -1
81 11 7200 14942 8 11694 19372 19 -1
82 11 1440 8998 4 7181 25359 4 -1
83 10 23040 27957 -1 -1 -1 1 -1
84 0 17280 23700 2 17280 28818 11 -1
85 4 20160 21600 3 20160 28680 4 -1
86 8 5760 9110 3 5760 18837 1 -1
87 12 17280 27471 -1 -1 -1 16 -1
88 2 17280 23572 12 17280 34413 2 -1
89 7 12960 14971 12 12960 18664 5 -1
90 0 20160 21600 5 20160 34957 4 -1
91 3 15840 23186 6 15840 29997 14 -1
92 -1 -1 -1 10 0 9942 10 6
93 -1 -1 -1 7 10080 23532 4 1
94 -1 -1 -1 10 14400 27469 10 8
95 7 1440 4277 4 1440 13809 1 -1
96 5 8640 23969 8 18514 31634 15 -1
97 6 17280 22170 8 20268 32248 7 -1
98 8 24480 25920 2 24480 33206 4 -1
99 -1 -1 -1 8 14400 25822 27 8
100 7 14400 15840 6 14400 22233 9 -1
101 10 5760 17590 5 9645 22638 7 -1
102 12 12960 14400 4 13478 17229 11 -1
103 -1 -1 -1 5 7200 16640 5 0
104 0 0 5704 12 4354 17459 23 -1
105 -1 -1 -1 4 15840 28466 15 4
106 6 1440 10362 5 7333 10362 27 -1
107 -1 -1 -1 7 15840 18096 22 7
108 6 7200 8898 8 7245 16220 6 -1
109 8 15840 17464 2 15840 33525 9 -1
110 1 18720 26517 3 22628 28759 8 -1
111 11 20160 28298 -1 -1 -1 9 -1
112 -1 -1 -1 2 17280 31447 1 0
113 6 4320 5760 2 4320 20995 13 -1
114 0 12960 14400 5 12960 22240 10 -1
115 -1 -1 -1 10 10080 24550 17 7
116 -1 -1 -1 6 11520 22925 24 7
117 8 4320 10832 5 6225 12899 15 -1
118 10 0 15127 6 9956 23262 18 -1
119 8 1440 12797 5 6801 13917 16 -1
120 -1 -1 -1 6 5760 20554 11 1
121 -1 -1 -1 6 1440 19636 5 0
122 8 25920 27360 2 25920 34032 8 -1
123 -1 -1 -1 3 0 11272 9 5
124 6 14400 23498 5 17317 28369 3 -1
125 6 11520 23167 12 19325 31677 5 -1
126 -1 -1 -1 2 4320 25320 5 3
127 0 1440 3497 8 1440 19950 10 -1
128 10 7200 9095 1 7200 24192 1 -1
129 4 11520 25616 5 22792 33143 5 -1
130 12 7200 15782 10 7200 19061 23 -1
131 6 5760 14150 2 13754 21273 5 -1
132 -1 -1 -1 0 2880 12137 2 5
133 3 7200 9560 6 7200 12628 13 -1
134 10 18720 23050 8 19316 31538 23 -1
135 9 12960 23777 6 25532 37110 12 -1
136 -1 -1 -1 7 1440 12341 4 7
137 2 8640 12657 12 10943 21654 3 -1
138 -1 -1 -1 7 20160 28154 7 0
139 -1 -1 -1 6 7200 21541 13 6
140 10 10080 21769 1 13377 33810 5 -1
141 6 17280 25510 4 20161 34090 11 -1
142 1 4320 15137 7 9630 24427 23 -1
143 7 2880 15775 12 8400 19634 15 -1
144 1 21600 24531 9 21600 36519 30 -1
145 9 1440 11958 11 7786 14733 7 -1
146 8 10080 17244 5 17523 20890 1 -1
147 4 12960 27991 -1 -1 -1 10 -1
148 0 11520 20928 2 19488 20928 26 -1
149 10 4320 5760 1 4320 7516 1 -1
150 6 15840 26757 8 18349 31077 28 -1
151 -1 -1 -1 3 21600 31751 32 0
152 5 8640 22683 11 21475 32420 8 -1
153 7 4320 14598 10 8905 21564 5 -1
154 0 15840 26188 2 23548 34186 9 -1
155 0 1440 14197 9 5377 15192 11 -1
156 -1 -1 -1 9 10080 12930 14 0
157 0 8640 13798 2 8640 14293 18 -1
158 3 10080 12903 1 10080 23390 5 -1
159 4 4320 9990 0 5781 13853 14 -1
160 3 10080 18315 0 14044 27209 7 -1
161 11 17280 18720 5 17280 30417 1 -1
162 11 15840 27601 -1 -1 -1 24 -1
163 10 2880 11541 1 10101 11541 8 -1
164 5 2880 6371 7 2880 13680 16 -1
165 10 17280 24000 4 17280 25053 3 -1
166 2 10080 23724 9 21949 23724 6 -1
167 12 12960 18195 1 12960 31108 8 -1
168 0 5760 12195 12 9249 20191 14 -1
169 4 18720 20160 2 18720 20160 3 -1
170 10 5760 16033 2 12667 18243 2 -1
171 5 12960 19767 12 18327 19767 2 -1
172 10 15840 26447 2 17287 26447 9 -1
173 9 0 1440 8 0 13615 2 -1
174 11 0 5937 10 248 10574 11 -1
175 -1 -1 -1 12 4320 13278 3 4
176 5 0 1440 7 0 6586 9 -1
177 6 7200 18264 10 16019 32638 9 -1
178 2 18720 21133 5 18720 29237 1 -1
179 -1 -1 -1 6 8640 12690 2 8
180 -1 -1 -1 12 2880 19470 18 9
181 3 18720 22313 11 18720 28952 35 -1
182 6 20160 21600 3 20160 32751 10 -1
183 4 14400 20204 3 16830 35054 14 -1
184 -1 -1 -1 5 2880 8424 7 7
185 -1 -1 -1 9 0 11519 22 2
186 5 15840 18073 12 18166 21537 4 -1
187 -1 -1 -1 10 8640 29640 25 2
188 9 21600 25807 6 24244 28551 7 -1
189 10 21600 26375 6 21600 33389 9 -1
190 9 12960 20610 6 14822 20610 12 -1
191 9 17280 19396 2 17280 27143 4 -1
192 -1 -1 -1 5 5760 15832 4 8
193 12 14400 19179 11 14848 21586 20 -1
194 8 5760 10680 9 5760 16435 27 -1
195 6 10080 11520 3 10080 21791 10 -1
196 0 27360 28800 -1 -1 -1 5 -1
197 1 17280 18720 4 20469 29405 18 -1
198 3 14400 24758 11 23539 31155 14 -1
199 -1 -1 -1 11 18720 23564 17 2
200 10 25920 27360 0 25920 36312 20 -1
201 3 4320 14098 0 6670 14755 22 -1
202 11 18720 21008 9 18720 34090 1 -1
203 9 2880 7270 2 2880 12430 34 -1
204 -1 -1 -1 4 27360 36979 7 5
205 9 18720 26825 12 18720 32219 27 -1
206 1 0 8346 12 3043 14159 6 -1
207 12 10080 12770 6 10080 21478 6 -1
208 5 14400 23944 8 24158 29520 1 -1
209 -1 -1 -1 6 10080 16554 6 6
210 -1 -1 -1 7 8640 17614 14 5
211 2 0 8712 4 1404 9255 4 -1
212 12 17280 22004 1 18023 31245 2 -1
213 7 24480 26736 2 24480 38149 8 -1
214 11 18720 24012 12 22572 24012 17 -1
215 10 14400 21024 7 14400 26229 13 -1
216 -1 -1 -1 1 18720 31617 1 3
217 7 7200 9594 5 7200 13326 7 -1
218 3 7200 13757 6 11226 13757 9 -1
219 -1 -1 -1 9 5760 8113 11 7
220 11 2880 13596 10 9139 18046 1 -1
221 10 14400 20080 1 16598 27674 30 -1
222 4 25920 27360 10 25920 31971 4 -1
223 3 4320 9060 2 4320 19849 8 -1
224 11 4320 15349 1 9117 17554 20 -1
225 0 21600 24964 1 21600 31731 10 -1
226 11 7200 20465 3 20108 29028 20 -1
227 -1 -1 -1 5 12960 19335 29 9
228 4 14400 15840 3 14400 21667 32 -1
229 4 0 3376 1 0 14432 9 -1
230 4 23040 26813 12 23040 38885 7 -1
231 11 4320 7336 4 4320 21300 9 -1
232 0 11520 18521 4 12420 18903 17 -1
233 7 12960 19296 10 12960 23609 9 -1
234 7 2880 12723 8 6171 21076 13 -1
235 5 8640 18488 4 17618 32512 11 -1
236 8 17280 22924 10 18303 25977 15 -1
237 3 17280 28729 -1 -1 -1 11 -1
238 10 2880 4464 11 2880 13785 5 -1
239 3 27360 28800 -1 -1 -1 13 -1
240 12 10080 21479 1 13598 29277 3 -1
241 10 4320 14514 8 8470 25518 21 -1
242 6 1440 11205 0 5638 21783 11 -1
243 -1 -1 -1 6 20160 30723 21 1
244 4 7200 19263 3 15016 27105 12 -1
245 -1 -1 -1 0 0 9619 1 2
246 -1 -1 -1 10 11520 20814 1 6
247 8 25920 28522 -1 -1 -1 6 -1
248 0 4320 8599 12 5230 16161 8 -1
249 -1 -1 -1 11 15840 20452 13 1
250 0 7200 8640 3 7200 12372 5 -1
251 3 11520 21358 9 15680 23830 43 -1
252 3 20160 27198 0 23376 30272 5 -1
253 7 12960 18044 10 12960 30508 18 -1
254 8 1440 12197 1 9144 23598 8 -1
255 0 23040 27265 1 23040 27996 22 -1
256 -1 -1 -1 10 27360 38851 1 9
257 -1 -1 -1 4 11520 18489 5 1
258 12 1440 6050 6 1440 7662 8 -1
259 0 11520 12960 11 11520 19805 8 -1
260 8 21600 23282 5 21600 36332 7 -1
261 1 11520 13384 4 11520 23106 12 -1
262 9 17280 23259 4 17280 25362 7 -1
263 -1 -1 -1 2 10080 26247 32 9
264 1 7200 12670 6 7200 17377 13 -1
265 6 1440 3432 12 1440 17446 4 -1
266 0 24480 26919 3 24480 28480 5 -1
267 5 7200 18040 6 14386 25971 6 -1
268 9 20160 25054 8 22602 34067 10 -1
269 12 0 8152 11 3433 13290 2 -1
270 -1 -1 -1 1 10080 25526 1 5
271 10 2880 7982 2 2880 16725 13 -1
272 3 21600 26768 11 21600 30403 30 -1
273 8 17280 24638 11 17280 32844 13 -1
274 -1 -1 -1 5 7200 16998 17 6
275 7 11520 13544 11 11520 21240 22 -1
276 3 14400 20963 2 14400 23595 14 -1
277 5 4320 11397 8 6695 15001 9 -1
278 4 27360 28800 -1 -1 -1 1 -1
279 8 5760 25863 4 16982 28207 22 -1
280 5 11520 16303 0 12059 19954 1 -1
281 -1 -1 -1 10 17280 25271 18 0
282 -1 -1 -1 7 23040 35863 1 3
283 -1 -1 -1 12 24480 36661 13 4
284 2 8640 16596 8 8830 24920 3 -1
285 1 15840 19514 10 15840 20867 1 -1
286 4 4320 8198 0 6118 21503 6 -1
287 0 2880 14726 7 11996 28165 4 -1
288 11 17280 27261 1 23525 33468 18 -1
289 0 1440 6117 3 1440 12780 19 -1
290 -1 -1 -1 10 17280 25693 4 7
291 12 17280 24481 11 17280 30994 10 -1
292 7 11520 23435 5 23814 32564 22 -1
293 8 4320 16760 7 8958 19076 28 -1
294 -1 -1 -1 1 1440 10523 8 3
295 -1 -1 -1 1 7200 22114 12 4
296 12 17280 26108 1 24868 34521 10 -1
297 -1 -1 -1 10 0 14432 12 4
298 -1 -1 -1 0 8640 14031 5 0
299 5 8640 19888 0 16769 19888 1 -1
#Distance_Matrix [row=from col=to] (given in meters)
0	64100	64700	59000	68800	198000	190300	53600	54000	70000	189700	174900	68200	64700	
64100	0	10900	6200	6800	135700	131800	14800	10400	5900	131300	116400	13500	10900	
64700	10900	0	5800	4100	135700	125600	15100	11000	6000	125000	110200	17300	0	
59000	6200	5800	0	9800	141400	131300	9300	5300	11700	130800	116000	11600	5800	
68800	6800	4100	9800	0	131600	125000	19100	15100	1900	124500	109600	20300	4100	
198000	135700	135700	141400	131600	0	233000	144400	146100	129800	232500	217700	149200	135700	
190300	131800	125600	131300	125000	233000	0	140600	136600	126700	2500	26200	142900	125600	
53600	14800	15100	9300	19100	144400	140600	0	4400	20700	140100	125300	16600	15100	
54000	10400	11000	5300	15100	146100	136600	4400	0	16300	136000	121200	15300	11000	
70000	5900	6000	11700	1900	129800	126700	20700	16300	0	126100	111300	19400	6000	
189700	131300	125000	130800	124500	232500	2500	140100	136000	126100	0	25600	142300	125000	
174900	116400	110200	116000	109600	217700	26200	125300	121200	111300	25600	0	127500	110200	
68200	13500	17300	11600	20300	149200	142900	16600	15300	19400	142300	127500	0	17300	
64700	10900	0	5800	4100	135700	125600	15100	11000	6000	125000	110200	17300	0	
