##Problem_info
speed(meters/minute): 333
coupling_time: 15
decoupling_time: 15
body_capacity: 100
max_bodies: 4
total_number_of_nodes: 14
total_number_of_vessels: 5
total_number_of_bodies: 10
total_number_of_requests: 50
unscheduled_cost_coefficient: 10000
service_time: 2
##Nodes [id is_swap_location]   (-2 is only swap location/transfer | 1 is customer that allow a body to be dropped)
0 1
1 1
2 1
3 1
4 1
5 1
6 1
7 1
8 1
9 1
10 1
11 1
12 1
13 -2
##Vessel [id start_location start_time]
0 8 8
1 7 2
2 5 106
3 4 143
4 3 2
##Bodies [id attached_to_vessel start_location]  (if -1 for attached_to_vessel: body starts detached)
0 2 5
1 1 7
2 -1 0
3 0 8
4 -1 9
5 -1 1
6 1 7
7 0 8
8 3 4
9 3 4
##Requests [id pickup_location_id pickup_from pickup_to delivery_location_id delivery_from delivery_to num_containers at_body_id]
0 -1 -1 -1 1 1440 9664 18 5
1 8 4320 12002 7 10179 12002 15 -1
2 -1 -1 -1 4 0 5085 33 7
3 1 7200 13428 9 7200 20554 24 -1
4 -1 -1 -1 2 4320 14587 18 9
5 -1 -1 -1 4 11520 18611 1 4
6 4 17280 27753 -1 -1 -1 19 -1
7 11 10080 20819 8 15916 27249 16 -1
8 7 20160 28550 -1 -1 -1 12 -1
9 -1 -1 -1 0 2880 5601 18 8
10 7 2880 13301 11 8231 16018 1 -1
11 12 5760 14551 11 5760 16754 18 -1
12 1 14400 24900 3 19492 33516 29 -1
13 1 21600 25035 11 21600 32590 21 -1
14 10 5760 7484 1 5760 15398 24 -1
15 4 15840 25985 11 22750 32719 9 -1
16 -1 -1 -1 0 1440 12650 11 4
17 -1 -1 -1 2 2880 6540 23 9
18 12 4320 13701 1 8125 16197 4 -1
19 11 21600 28438 -1 -1 -1 1 -1
20 12 10080 18076 2 10080 21393 1 -1
21 -1 -1 -1 12 4320 14438 1 6
22 1 24480 28151 -1 -1 -1 1 -1
23 5 12960 19228 2 16438 22275 15 -1
24 12 4320 14326 0 9143 14373 28 -1
25 2 25920 27360 1 25920 36814 16 -1
26 0 2880 5896 5 2880 16315 25 -1
27 -1 -1 -1 9 15840 27741 7 1
28 6 8640 10803 4 8640 21710 14 -1
29 2 11520 14787 0 11520 19193 14 -1
30 -1 -1 -1 4 2880 12040 10 3
31 -1 -1 -1 0 25920 43992 31 9
32 4 0 7187 3 0 15217 7 -1
33 4 0 10580 7 3849 23530 18 -1
34 10 5760 13018 0 10693 13018 1 -1
35 4 14400 24444 11 18520 37538 6 -1
36 5 8640 12399 12 11341 27970 20 -1
37 3 8640 15951 10 10428 23699 2 -1
38 0 23040 26643 9 23040 39954 10 -1
39 11 11520 20172 6 17495 33807 1 -1
40 9 24480 28235 -1 -1 -1 1 -1
41 2 1440 14709 5 3700 18107 12 -1
42 2 4320 8446 1 4320 20381 12 -1
43 4 8640 13957 5 8640 20872 21 -1
44 7 17280 19609 4 17280 26451 12 -1
45 -1 -1 -1 7 1440 8175 10 0
46 3 10080 18414 5 13508 23302 9 -1
47 6 5760 11592 0 5760 14346 8 -1
48 3 11520 18998 7 15295 18998 9 -1
49 10 8640 18319 8 15971 25131 10 -1
#Distance_Matrix [row=from col=to] (given in meters)
0	64100	64700	59000	68800	198000	190300	53600	54000	70000	189700	174900	68200	64700	
64100	0	10900	6200	6800	135700	131800	14800	10400	5900	131300	116400	13500	10900	
64700	10900	0	5800	4100	135700	125600	15100	11000	6000	125000	110200	17300	0	
59000	6200	5800	0	9800	141400	131300	9300	5300	11700	130800	116000	11600	5800	
68800	6800	4100	9800	0	131600	125000	19100	15100	1900	124500	109600	20300	4100	
198000	135700	135700	141400	131600	0	233000	144400	146100	129800	232500	217700	149200	135700	
190300	131800	125600	131300	125000	233000	0	140600	136600	126700	2500	26200	142900	125600	
53600	14800	15100	9300	19100	144400	140600	0	4400	20700	140100	125300	16600	15100	
54000	10400	11000	5300	15100	146100	136600	4400	0	16300	136000	121200	15300	11000	
70000	5900	6000	11700	1900	129800	126700	20700	16300	0	126100	111300	19400	6000	
189700	131300	125000	130800	124500	232500	2500	140100	136000	126100	0	25600	142300	125000	
174900	116400	110200	116000	109600	217700	26200	125300	121200	111300	25600	0	127500	110200	
68200	13500	17300	11600	20300	149200	142900	16600	15300	19400	142300	127500	0	17300	
64700	10900	0	5800	4100	135700	125600	15100	11000	6000	125000	110200	17300	0	
