##Problem_info
speed(meters/minute): 333
coupling_time: 15
decoupling_time: 15
body_capacity: 100
max_bodies: 4
total_number_of_nodes: 14
total_number_of_vessels: 5
total_number_of_bodies: 10
total_number_of_requests: 50
unscheduled_cost_coefficient: 10000
service_time: 2
##Nodes [id is_swap_location]   (-2 is only swap location/transfer | 1 is customer that allow a body to be dropped)
0 1
1 1
2 1
3 1
4 1
5 1
6 1
7 1
8 1
9 1
10 1
11 1
12 1
13 -2
##Vessel [id start_location start_time]
0 1 2
1 0 91
2 5 40
3 7 4
4 13 96
##Bodies [id attached_to_vessel start_location]  (if -1 for attached_to_vessel: body starts detached)
0 4 13
1 2 5
2 1 0
3 0 1
4 -1 2
5 -1 8
6 3 7
7 1 0
8 0 1
9 1 0
##Requests [id pickup_location_id pickup_from pickup_to delivery_location_id delivery_from delivery_to num_containers at_body_id]
0 -1 -1 -1 1 11520 21933 7 7
1 8 11520 25158 12 22697 34992 6 -1
2 4 11520 23147 10 21329 24337 34 -1
3 9 18720 24100 7 21491 30859 6 -1
4 -1 -1 -1 11 2880 13171 11 9
5 1 0 2505 5 828 2505 10 -1
6 4 17280 18720 2 17418 26903 2 -1
7 7 14400 26653 0 22504 35475 8 -1
8 -1 -1 -1 11 1440 13216 16 2
9 0 11520 20034 7 11520 22361 2 -1
10 9 11520 16980 12 11520 20615 6 -1
11 1 0 4989 7 2044 4989 25 -1
12 5 17280 28036 -1 -1 -1 14 -1
13 9 15840 22316 3 19519 35571 3 -1
14 4 2880 4320 12 5762 14708 17 -1
15 3 0 9095 4 5610 9095 6 -1
16 6 5760 18767 9 14756 18767 13 -1
17 -1 -1 -1 6 27360 39755 8 3
18 8 7200 21149 2 18881 25660 2 -1
19 3 12960 22177 11 13952 29074 8 -1
20 8 12960 16760 7 14894 20114 11 -1
21 4 8640 10080 12 8640 18569 13 -1
22 11 27360 28800 -1 -1 -1 7 -1
23 -1 -1 -1 4 1440 11610 13 8
24 12 8640 14412 7 12669 31217 1 -1
25 2 11520 13211 1 11520 27714 4 -1
26 -1 -1 -1 3 0 13929 2 9
27 3 8640 20260 4 15091 30618 5 -1
28 11 20160 26508 2 26380 37839 1 -1
29 12 12960 22865 3 17951 22865 15 -1
30 -1 -1 -1 1 24480 37555 26 5
31 -1 -1 -1 10 0 12820 20 6
32 -1 -1 -1 11 10080 26322 11 2
33 2 5760 14495 6 7134 23489 20 -1
34 3 8640 10418 1 8640 16678 39 -1
35 0 8640 16809 8 11830 21678 4 -1
36 -1 -1 -1 10 0 8158 17 1
37 -1 -1 -1 0 14400 20707 12 2
38 11 4320 12230 7 7655 12530 8 -1
39 6 11520 17297 0 12184 26124 6 -1
40 -1 -1 -1 5 7200 12311 6 1
41 10 23040 25495 1 23040 33863 10 -1
42 4 11520 20302 7 15932 23031 16 -1
43 5 20160 25777 12 22807 32435 1 -1
44 3 5760 17588 11 16077 17588 5 -1
45 -1 -1 -1 2 5760 11966 14 4
46 2 15840 21071 10 19404 28203 31 -1
47 5 11520 22502 0 12934 24542 20 -1
48 2 2880 14544 8 9761 21968 3 -1
49 10 11520 13050 7 11520 25112 15 -1
#Distance_Matrix [row=from col=to] (given in meters)
0	64100	64700	59000	68800	198000	190300	53600	54000	70000	189700	174900	68200	64700	
64100	0	10900	6200	6800	135700	131800	14800	10400	5900	131300	116400	13500	10900	
64700	10900	0	5800	4100	135700	125600	15100	11000	6000	125000	110200	17300	0	
59000	6200	5800	0	9800	141400	131300	9300	5300	11700	130800	116000	11600	5800	
68800	6800	4100	9800	0	131600	125000	19100	15100	1900	124500	109600	20300	4100	
198000	135700	135700	141400	131600	0	233000	144400	146100	129800	232500	217700	149200	135700	
190300	131800	125600	131300	125000	233000	0	140600	136600	126700	2500	26200	142900	125600	
53600	14800	15100	9300	19100	144400	140600	0	4400	20700	140100	125300	16600	15100	
54000	10400	11000	5300	15100	146100	136600	4400	0	16300	136000	121200	15300	11000	
70000	5900	6000	11700	1900	129800	126700	20700	16300	0	126100	111300	19400	6000	
189700	131300	125000	130800	124500	232500	2500	140100	136000	126100	0	25600	142300	125000	
174900	116400	110200	116000	109600	217700	26200	125300	121200	111300	25600	0	127500	110200	
68200	13500	17300	11600	20300	149200	142900	16600	15300	19400	142300	127500	0	17300	
64700	10900	0	5800	4100	135700	125600	15100	11000	6000	125000	110200	17300	0	
