##Problem_info
speed(meters/minute): 333
coupling_time: 15
decoupling_time: 15
body_capacity: 100
max_bodies: 4
total_number_of_nodes: 14
total_number_of_vessels: 5
total_number_of_bodies: 10
total_number_of_requests: 50
unscheduled_cost_coefficient: 10000
service_time: 2
##Nodes [id is_swap_location]   (-2 is only swap location/transfer | 1 is customer that allow a body to be dropped)
0 1
1 1
2 1
3 1
4 1
5 1
6 1
7 1
8 1
9 1
10 1
11 1
12 1
13 -2
##Vessel [id start_location start_time]
0 12 14
1 10 2
2 9 21
3 8 55
4 7 21
##Bodies [id attached_to_vessel start_location]  (if -1 for attached_to_vessel: body starts detached)
0 -1 13
1 4 7
2 3 8
3 -1 2
4 -1 0
5 -1 10
6 0 12
7 3 8
8 2 9
9 -1 6
##Requests [id pickup_location_id pickup_from pickup_to delivery_location_id delivery_from delivery_to num_containers at_body_id]
0 7 0 8527 9 3980 17925 11 -1
1 1 12960 22501 11 15788 26661 4 -1
2 -1 -1 -1 2 5760 7200 10 0
3 8 17280 21649 7 17672 26310 10 -1
4 2 20160 26667 3 23183 26667 12 -1
5 1 15840 19389 0 17129 19389 18 -1
6 7 7200 14487 8 16198 30962 14 -1
7 -1 -1 -1 4 21600 35230 1 7
8 6 2880 8491 9 2880 8560 10 -1
9 5 10080 23659 3 18974 37299 1 -1
10 -1 -1 -1 6 7200 23924 7 6
11 1 11520 19287 6 17509 28889 3 -1
12 11 17280 18720 4 17280 33660 12 -1
13 -1 -1 -1 1 12960 23997 2 9
14 9 20160 23369 3 20160 33123 6 -1
15 7 4320 5760 8 4320 11824 8 -1
16 6 2880 12714 12 8330 20813 3 -1
17 -1 -1 -1 7 20160 24378 9 7
18 7 4320 10548 11 10421 21523 14 -1
19 2 25920 27360 5 25920 31942 10 -1
20 4 15840 23166 11 19727 23166 27 -1
21 12 18720 26402 1 19594 30805 14 -1
22 -1 -1 -1 12 7200 12365 41 1
23 0 8640 17341 12 8640 18514 3 -1
24 1 18720 20160 4 18720 31585 21 -1
25 -1 -1 -1 0 21600 31566 8 3
26 -1 -1 -1 9 5760 13346 13 4
27 5 2880 15729 10 14778 28140 6 -1
28 8 2880 4320 10 2880 8006 41 -1
29 1 11520 16035 12 12746 16035 19 -1
30 -1 -1 -1 4 0 5004 9 3
31 5 8640 20712 10 15718 20712 2 -1
32 4 1440 5442 5 1440 13453 7 -1
33 -1 -1 -1 5 21600 34496 18 0
34 0 2880 4585 6 2880 7605 3 -1
35 0 20160 27735 -1 -1 -1 16 -1
36 -1 -1 -1 11 8640 23134 9 0
37 1 12960 18648 5 17346 28893 5 -1
38 10 1440 11731 8 6701 16077 10 -1
39 12 5760 15068 1 11657 23383 1 -1
40 7 5760 17334 9 11588 30743 14 -1
41 11 10080 17058 6 10080 23163 17 -1
42 -1 -1 -1 8 21600 28165 19 0
43 -1 -1 -1 0 1440 14220 4 7
44 5 23040 24480 0 23040 24480 1 -1
45 -1 -1 -1 6 0 9110 20 7
46 3 5760 18349 1 16909 18349 12 -1
47 0 11520 18337 5 17797 29626 26 -1
48 8 15840 20521 5 18509 29260 27 -1
49 10 15840 25240 7 17822 29333 12 -1
#Distance_Matrix [row=from col=to] (given in meters)
0	64100	64700	59000	68800	198000	190300	53600	54000	70000	189700	174900	68200	64700	
64100	0	10900	6200	6800	135700	131800	14800	10400	5900	131300	116400	13500	10900	
64700	10900	0	5800	4100	135700	125600	15100	11000	6000	125000	110200	17300	0	
59000	6200	5800	0	9800	141400	131300	9300	5300	11700	130800	116000	11600	5800	
68800	6800	4100	9800	0	131600	125000	19100	15100	1900	124500	109600	20300	4100	
198000	135700	135700	141400	131600	0	233000	144400	146100	129800	232500	217700	149200	135700	
190300	131800	125600	131300	125000	233000	0	140600	136600	126700	2500	26200	142900	125600	
53600	14800	15100	9300	19100	144400	140600	0	4400	20700	140100	125300	16600	15100	
54000	10400	11000	5300	15100	146100	136600	4400	0	16300	136000	121200	15300	11000	
70000	5900	6000	11700	1900	129800	126700	20700	16300	0	126100	111300	19400	6000	
189700	131300	125000	130800	124500	232500	2500	140100	136000	126100	0	25600	142300	125000	
174900	116400	110200	116000	109600	217700	26200	125300	121200	111300	25600	0	127500	110200	
68200	13500	17300	11600	20300	149200	142900	16600	15300	19400	142300	127500	0	17300	
64700	10900	0	5800	4100	135700	125600	15100	11000	6000	125000	110200	17300	0	
