##Problem_info
speed(meters/minute): 333
coupling_time: 15
decoupling_time: 15
body_capacity: 100
max_bodies: 4
total_number_of_nodes: 14
total_number_of_vessels: 5
total_number_of_bodies: 10
total_number_of_requests: 50
unscheduled_cost_coefficient: 10000
service_time: 2
##Nodes [id is_swap_location]   (-2 is only swap location/transfer | 1 is customer that allow a body to be dropped)
0 1
1 1
2 1
3 1
4 1
5 1
6 1
7 1
8 1
9 1
10 1
11 1
12 1
13 -2
##Vessel [id start_location start_time]
0 9 23
1 8 6
2 7 26
3 6 277
4 5 109
##Bodies [id attached_to_vessel start_location]  (if -1 for attached_to_vessel: body starts detached)
0 4 5
1 2 7
2 0 9
3 -1 4
4 0 9
5 -1 2
6 1 8
7 0 9
8 4 5
9 1 8
##Requests [id pickup_location_id pickup_from pickup_to delivery_location_id delivery_from delivery_to num_containers at_body_id]
0 -1 -1 -1 6 1440 16308 12 5
1 10 7200 12786 5 10815 14276 18 -1
2 10 17280 21452 5 19715 21853 12 -1
3 7 8640 17680 5 13416 26568 5 -1
4 7 12960 24214 1 21532 31927 10 -1
5 10 2880 16167 7 17041 26769 13 -1
6 6 5760 7200 10 5760 13108 15 -1
7 10 8640 14020 5 9195 15376 3 -1
8 3 18720 23822 11 18720 33093 14 -1
9 -1 -1 -1 4 7200 16474 17 0
10 -1 -1 -1 9 7200 11187 10 0
11 7 12960 19979 5 12960 29676 2 -1
12 6 20160 26523 9 21433 30981 5 -1
13 9 8640 15163 7 8640 24134 11 -1
14 12 4320 13150 2 6983 13576 18 -1
15 12 14400 24108 0 14652 24822 8 -1
16 0 15840 19740 8 15840 24674 1 -1
17 8 4320 9947 5 6762 9947 1 -1
18 2 8640 12873 11 8803 15320 3 -1
19 3 4320 16667 2 6409 16667 8 -1
20 11 15840 27252 12 19066 27252 9 -1
21 8 0 7213 4 3327 8289 12 -1
22 2 1440 17256 4 16091 22923 11 -1
23 -1 -1 -1 7 5760 17724 4 2
24 0 10080 16916 8 10080 19561 1 -1
25 8 21600 28411 -1 -1 -1 20 -1
26 4 2880 8879 8 2880 15447 21 -1
27 5 23040 24711 1 23040 39874 14 -1
28 -1 -1 -1 1 17280 23968 7 9
29 8 4320 16284 3 7738 21627 16 -1
30 5 5760 18092 8 8266 19217 8 -1
31 8 5760 10649 6 8901 11077 4 -1
32 -1 -1 -1 4 12960 24198 20 1
33 -1 -1 -1 5 12960 19079 18 8
34 10 8640 21924 0 14202 23245 18 -1
35 4 17280 18720 12 17280 29249 14 -1
36 -1 -1 -1 8 15840 26347 10 6
37 7 4320 25320 8 16323 26108 8 -1
38 1 17280 19337 8 19935 22962 21 -1
39 10 15840 22339 8 16683 24349 1 -1
40 5 2880 15518 0 10029 28025 10 -1
41 2 15840 26282 12 15840 28190 10 -1
42 1 17280 25729 6 18986 31447 3 -1
43 10 15840 18376 12 15840 18598 22 -1
44 4 8640 10080 5 8640 23055 6 -1
45 -1 -1 -1 7 10080 18519 1 7
46 7 20160 23702 12 20160 25250 12 -1
47 -1 -1 -1 4 21600 36258 12 2
48 9 17280 24699 7 23259 24699 1 -1
49 12 0 4673 4 0 10829 33 -1
#Distance_Matrix [row=from col=to] (given in meters)
0	64100	64700	59000	68800	198000	190300	53600	54000	70000	189700	174900	68200	64700	
64100	0	10900	6200	6800	135700	131800	14800	10400	5900	131300	116400	13500	10900	
64700	10900	0	5800	4100	135700	125600	15100	11000	6000	125000	110200	17300	0	
59000	6200	5800	0	9800	141400	131300	9300	5300	11700	130800	116000	11600	5800	
68800	6800	4100	9800	0	131600	125000	19100	15100	1900	124500	109600	20300	4100	
198000	135700	135700	141400	131600	0	233000	144400	146100	129800	232500	217700	149200	135700	
190300	131800	125600	131300	125000	233000	0	140600	136600	126700	2500	26200	142900	125600	
53600	14800	15100	9300	19100	144400	140600	0	4400	20700	140100	125300	16600	15100	
54000	10400	11000	5300	15100	146100	136600	4400	0	16300	136000	121200	15300	11000	
70000	5900	6000	11700	1900	129800	126700	20700	16300	0	126100	111300	19400	6000	
189700	131300	125000	130800	124500	232500	2500	140100	136000	126100	0	25600	142300	125000	
174900	116400	110200	116000	109600	217700	26200	125300	121200	111300	25600	0	127500	110200	
68200	13500	17300	11600	20300	149200	142900	16600	15300	19400	142300	127500	0	17300	
64700	10900	0	5800	4100	135700	125600	15100	11000	6000	125000	110200	17300	0	
