0,1,2,3,4,5,6
0,64100,64700,59000,68800,198000,190300
64100,0,10900,6200,6800,135700,131800
64700,10900,0,5800,4100,135700,125600
59000,6200,5800,0,9800,141400,131300
68800,6800,4100,9800,0,131600,125000
198000,135700,135700,141400,131600,0,233000
190300,131800,125600,131300,125000,233000,0
